85 644 28 373 712 94 486 65 47 87 229 852 388 625 514 981 381 112 985 615 308 280 996 540 308 755 60 16 935 723 359 740 85 489 245 930 342 247 740 108 857 8 516 948 453 122 869 591 692 261 12 683 848 363 213 393 613 396 282 17 806 156 793 850 996 707 331 810 25 738 409 456 203 877 937 307 60 641 247 735 989 867 831 884 411 194 86 906 602 378 480 733 566 718 635 912 144 537 171 177 
813 857 152 194 491 265 889 119 116 522 555 841 981 541 629 830 609 415 619 18 142 217 130 742 297 667 715 259 229 725 289 387 462 514 588 733 900 737 536 931 931 985 407 161 631 232 915 348 717 504 720 125 373 559 318 649 11 321 724 542 29 972 95 700 95 792 747 357 962 441 689 786 347 314 246 780 887 952 92 940 556 456 545 8 755 926 621 770 378 771 978 654 742 338 436 943 53 751 591 575 
873 172 624 522 225 858 844 669 730 608 260 801 410 627 978 662 933 786 21 669 352 797 640 70 587 962 802 698 396 531 654 174 550 383 658 453 977 259 172 361 866 5 121 742 515 677 335 379 14 193 138 758 835 51 756 962 64 329 493 951 832 176 875 623 292 718 434 296 150 451 940 187 341 187 380 160 51 259 261 452 850 213 543 504 820 729 745 199 890 194 562 348 820 467 473 341 80 324 437 704 
310 933 207 152 327 525 156 252 237 567 862 180 86 978 817 537 338 444 891 1000 988 834 645 75 878 118 270 908 180 342 975 975 723 997 553 59 346 688 930 148 638 343 319 968 852 302 564 227 176 542 110 722 754 829 225 641 872 807 925 441 798 744 163 922 346 703 846 752 220 888 693 669 570 270 380 963 938 794 930 300 689 853 598 168 545 815 843 234 575 745 794 312 217 773 550 429 206 799 746 204 
792 936 799 515 69 824 570 786 956 781 386 86 106 284 575 327 452 899 974 730 574 24 297 331 42 442 387 755 437 42 809 290 491 5 12 130 371 449 283 392 684 305 942 342 559 215 445 113 879 381 614 229 539 385 550 224 692 850 487 890 465 51 143 839 856 419 345 838 375 493 301 601 192 523 42 825 667 731 644 653 758 563 593 239 152 934 917 27 235 226 21 829 39 677 496 126 547 685 521 650 
846 289 538 890 60 359 955 721 148 474 536 732 102 855 952 35 810 997 714 719 771 606 426 479 875 150 952 403 952 392 201 572 596 103 864 142 618 616 13 731 916 993 365 573 842 798 458 431 916 208 945 672 969 754 377 382 432 786 763 411 532 143 181 350 292 421 801 777 240 227 707 523 920 877 367 769 526 563 888 605 196 557 726 147 984 385 575 940 852 883 85 217 633 263 688 726 252 502 299 600 
105 715 801 76 876 449 994 366 486 179 273 699 236 447 909 547 996 152 119 342 1 966 203 266 861 300 911 350 614 806 440 95 145 757 484 52 675 481 187 991 511 74 151 579 937 170 282 429 17 282 118 880 940 24 951 881 876 114 197 683 447 570 166 312 989 941 536 46 291 465 164 233 100 43 830 906 191 107 617 508 372 629 647 958 832 204 390 330 785 4 134 802 235 484 527 505 728 327 592 573 
110 974 266 911 114 763 27 372 578 868 54 476 264 906 999 796 811 990 860 402 40 719 784 757 997 474 529 886 926 222 369 295 768 858 961 646 819 390 681 997 365 339 925 874 977 216 874 286 527 426 398 596 389 150 772 89 739 926 927 354 451 983 446 614 711 187 846 489 109 575 437 953 806 491 618 9 500 289 859 432 881 156 886 421 388 431 617 833 879 134 20 833 364 789 492 55 654 500 923 332 
987 571 19 924 327 208 474 342 780 18 318 294 861 584 161 192 338 843 608 35 14 373 462 688 812 221 862 942 552 913 173 324 818 230 30 162 204 478 887 804 69 470 640 923 783 851 852 514 522 841 392 106 67 600 648 986 983 515 881 279 458 894 993 692 140 371 114 374 299 1 278 751 940 18 469 285 474 40 521 798 297 931 403 745 12 545 886 900 882 786 792 46 7 887 329 593 951 231 21 310 
214 462 971 36 515 882 944 94 211 794 310 352 129 726 773 542 571 445 684 305 640 175 616 103 797 256 691 478 255 870 784 820 466 863 643 766 840 505 406 771 710 871 709 437 248 397 435 411 69 265 574 461 765 846 509 582 558 374 145 951 318 419 465 270 947 938 384 594 351 812 922 369 463 803 4 16 186 237 520 734 742 920 351 5 573 667 914 870 999 676 193 273 906 699 356 830 765 746 224 171 
722 703 280 18 129 680 621 181 393 610 201 849 841 998 261 148 557 153 387 621 260 30 389 463 382 505 36 9 843 331 21 357 863 965 102 891 866 515 430 33 883 376 402 953 372 759 483 359 584 388 269 533 273 960 675 998 103 675 902 235 715 49 469 429 241 76 61 144 876 425 778 415 643 706 22 482 801 591 565 249 682 394 212 36 554 14 270 217 960 931 301 448 551 544 706 38 764 637 996 964 
139 277 420 924 653 596 905 120 405 675 31 887 64 637 907 388 730 620 569 860 509 285 678 268 388 509 858 693 517 783 949 549 309 459 362 11 398 604 912 183 643 637 653 611 677 937 726 922 910 623 850 76 842 742 733 467 701 147 479 173 471 620 268 350 244 279 175 361 329 924 975 683 633 531 660 684 645 220 210 2 434 602 436 796 451 146 236 608 767 14 815 2 574 104 590 82 254 429 470 417 
50 808 425 951 313 744 774 435 644 896 523 344 521 576 267 641 21 629 570 697 79 98 373 841 111 792 758 471 381 322 669 535 933 918 843 113 992 64 672 142 111 857 588 480 601 439 986 542 731 962 97 993 487 907 772 61 269 424 561 991 749 192 215 768 455 712 288 819 234 720 918 977 329 101 714 46 772 587 671 247 490 806 541 947 107 165 986 891 204 444 123 647 900 133 624 495 19 370 941 963 
547 586 428 695 518 494 784 862 119 110 837 489 748 804 571 84 713 389 314 558 848 535 223 620 828 596 852 336 150 514 125 411 102 75 415 332 635 696 995 75 397 301 32 919 879 985 255 817 955 13 567 131 678 854 385 720 130 305 679 40 282 98 909 480 32 64 153 821 578 760 158 267 924 661 412 694 79 305 316 556 710 291 359 877 353 37 22 832 442 808 764 875 701 350 920 670 405 628 471 965 
817 586 790 504 782 513 493 545 606 496 503 706 86 258 821 968 77 31 106 808 224 381 129 532 130 404 35 841 889 171 174 152 308 410 935 360 344 645 55 205 834 409 331 543 607 302 725 833 703 521 360 291 359 629 305 943 46 742 506 541 687 121 592 555 293 147 252 285 350 277 702 189 518 961 716 494 300 971 275 483 161 767 405 463 693 675 392 256 67 808 440 294 573 723 554 122 642 714 305 132 
4 221 574 949 822 979 688 197 74 566 3 618 625 796 884 247 972 346 363 316 719 839 665 631 133 171 593 111 7 259 411 553 981 481 643 610 271 948 448 839 701 969 97 3 827 253 602 846 136 528 156 119 734 631 874 918 708 311 807 832 446 17 741 784 342 414 825 775 212 192 707 559 273 82 129 602 569 597 178 42 15 577 376 252 722 52 631 254 61 546 546 641 949 785 820 253 875 903 492 992 
449 530 410 563 617 84 47 889 937 313 121 813 363 311 723 831 281 489 603 538 982 271 756 125 63 606 388 980 936 688 616 922 331 911 804 45 355 835 791 558 750 933 122 780 905 479 377 660 166 875 122 727 97 45 619 384 704 781 120 208 552 653 330 936 116 755 723 483 97 627 765 637 69 845 658 211 829 446 286 776 14 462 617 954 11 677 665 143 501 794 141 311 249 730 340 239 154 849 491 439 
936 664 229 945 593 972 869 606 227 591 831 847 19 229 20 485 376 252 252 717 961 209 854 980 133 299 411 362 169 678 777 30 891 543 547 782 166 463 501 793 286 990 798 676 107 469 286 493 227 239 687 407 696 21 216 618 185 557 587 774 523 878 808 556 776 867 411 193 304 265 265 248 892 159 496 971 226 521 764 606 538 241 5 152 62 202 974 870 216 490 705 30 246 308 661 197 889 695 866 645 
460 231 523 335 103 430 121 273 370 94 505 252 807 478 108 204 392 646 405 740 848 64 959 222 918 309 444 765 667 649 10 271 140 405 63 418 212 39 502 497 33 160 370 746 574 498 727 120 753 723 312 89 987 306 746 675 725 221 904 335 866 141 856 650 7 134 787 780 678 87 265 231 434 602 410 934 29 449 626 655 709 582 468 607 30 12 855 288 89 383 638 417 345 149 104 450 398 128 816 235 
531 673 976 888 177 738 950 91 183 103 521 150 201 242 724 339 565 706 352 538 749 272 369 222 798 238 479 484 671 220 308 129 349 200 229 887 43 289 522 212 791 681 175 112 608 20 917 456 499 457 755 956 13 76 829 249 611 765 983 339 613 793 555 395 121 802 646 529 91 126 144 215 490 889 682 121 566 216 682 860 46 651 834 82 638 390 767 87 437 565 69 708 188 601 432 701 922 339 597 433 
717 859 815 982 84 837 213 750 39 777 824 810 256 742 947 785 50 3 387 637 599 650 966 122 81 960 328 180 582 517 296 244 262 21 873 214 288 384 900 914 608 412 243 789 158 429 1000 108 560 519 140 213 95 976 676 385 438 828 526 370 703 773 209 437 921 415 338 419 36 718 835 906 420 901 598 811 995 924 815 248 17 109 783 468 487 867 789 174 770 399 183 443 674 496 838 448 562 326 887 281 
530 852 366 193 23 392 461 782 645 303 899 480 3 826 191 670 396 511 547 220 518 310 478 829 259 601 986 146 845 550 276 244 511 804 937 379 14 544 445 779 190 235 559 496 873 801 793 335 938 817 196 424 16 836 288 987 542 636 704 382 191 522 460 120 382 356 448 933 876 713 242 87 747 258 473 173 327 119 593 498 588 635 474 549 243 862 216 9 270 405 422 592 107 271 276 249 381 486 343 298 
989 689 383 324 80 570 548 394 378 704 146 117 224 755 499 440 75 440 147 890 608 416 983 253 69 817 55 994 662 32 274 679 53 1 929 399 296 526 4 476 60 344 144 275 416 500 922 819 748 413 29 276 472 850 295 665 1 859 393 553 894 326 550 303 513 200 635 364 985 594 860 886 788 378 304 703 961 98 50 373 235 746 489 353 386 645 281 830 12 394 728 912 953 218 637 839 340 160 866 166 
133 914 530 860 627 467 845 463 311 770 489 351 763 858 611 206 922 759 515 146 81 674 541 901 475 865 380 234 338 78 1 475 305 938 577 963 743 134 236 101 645 822 922 112 785 963 600 95 899 707 152 465 652 742 791 906 215 656 399 468 640 78 925 454 672 695 413 710 763 336 345 806 88 116 401 881 87 759 620 785 578 997 420 854 882 131 312 628 266 657 907 82 128 331 137 90 416 891 34 266 
195 341 615 334 564 591 849 104 59 130 154 78 611 777 427 917 30 669 684 391 432 98 466 855 464 314 594 885 443 812 284 314 475 209 483 449 261 459 72 664 41 609 78 882 634 259 153 795 620 39 248 951 405 662 817 615 812 703 747 905 254 773 47 707 64 767 576 379 215 572 497 390 587 136 310 779 618 656 354 443 40 214 407 568 100 633 829 663 94 221 625 979 589 298 783 824 581 484 506 320 
965 934 608 437 415 419 811 636 568 243 778 2 855 102 142 406 147 744 624 746 436 721 744 367 220 335 936 117 639 299 687 180 629 797 169 194 256 813 67 97 216 695 221 499 260 490 921 957 292 869 303 989 890 566 595 218 822 953 686 71 192 241 496 907 392 366 136 936 98 451 434 157 470 850 135 346 603 967 891 200 500 838 207 331 994 306 910 206 344 426 925 585 462 114 124 464 21 564 953 779 
634 425 195 37 862 216 668 4 457 952 104 325 966 678 50 145 922 126 374 903 454 992 817 239 76 209 52 225 895 763 296 496 851 626 499 382 747 187 720 900 529 427 501 590 936 681 86 66 157 233 535 683 76 214 694 518 911 331 575 584 649 95 201 626 313 587 350 442 154 904 376 223 647 290 630 697 676 555 542 482 759 77 276 701 525 144 945 321 266 828 951 826 296 204 936 45 752 143 422 254 
679 700 886 392 231 473 182 56 903 448 845 110 869 975 250 64 863 266 604 29 145 303 592 859 520 582 201 350 349 579 346 614 790 354 607 795 134 109 802 160 181 597 201 1 330 170 700 82 604 121 220 613 56 393 247 424 117 514 536 121 859 299 452 398 714 238 727 517 263 674 877 501 601 12 932 864 666 692 894 341 409 711 365 6 324 686 559 539 482 26 946 464 190 738 584 218 608 100 779 850 
630 188 492 643 144 331 252 350 177 950 934 927 201 650 660 939 272 241 165 240 4 380 729 442 123 398 603 238 732 16 165 36 240 518 418 846 726 405 260 655 684 135 125 466 546 85 499 672 920 15 981 317 815 691 402 768 589 408 257 269 370 814 66 209 584 205 564 546 519 814 776 848 94 345 498 555 990 12 295 674 848 68 322 757 543 499 137 696 224 983 325 29 518 611 359 909 34 148 405 514 
367 250 123 396 859 873 751 14 610 315 829 596 869 899 569 124 88 825 923 526 297 693 243 264 387 282 854 275 10 56 338 100 713 341 83 480 368 818 64 743 690 950 239 147 978 345 141 477 861 167 130 996 258 575 609 212 254 46 261 807 413 645 662 498 979 996 627 503 168 17 218 834 81 801 355 314 355 66 650 222 515 291 395 553 561 528 496 107 715 469 222 462 54 414 726 178 207 722 63 37 
775 434 512 987 517 737 603 133 757 649 254 257 854 599 131 542 154 429 606 674 526 851 911 539 1 529 53 262 402 226 483 319 777 624 183 237 544 873 389 513 435 435 250 355 458 761 716 697 943 482 463 893 666 866 810 202 51 215 336 659 839 754 563 176 3 128 195 342 599 501 91 785 561 420 332 192 26 404 252 438 534 450 438 816 525 487 701 328 798 863 467 93 11 126 611 157 40 950 711 824 
741 633 843 538 347 639 152 140 899 525 821 808 986 130 888 127 121 135 186 208 152 395 673 232 955 736 615 793 228 653 351 161 488 225 800 655 926 761 482 179 185 966 77 643 551 126 576 46 283 829 663 63 965 47 342 424 561 853 355 656 4 266 368 147 122 649 837 396 613 917 860 977 64 852 982 203 562 89 523 681 270 981 887 56 511 609 768 881 161 114 699 959 955 321 310 459 456 494 576 38 
580 209 429 922 460 852 118 261 278 560 773 372 408 651 797 696 868 227 352 711 505 186 19 945 229 645 364 469 718 34 516 88 280 518 599 618 776 337 663 893 15 271 289 74 403 923 959 866 247 626 260 805 651 409 87 419 470 475 23 125 887 315 52 231 612 523 798 612 465 375 775 262 122 937 787 961 436 802 184 482 637 73 528 225 20 123 851 824 587 303 298 439 105 140 886 86 28 362 631 310 
195 26 993 332 626 979 272 371 119 986 68 709 345 37 799 141 488 804 283 348 511 764 34 519 990 505 717 697 28 984 829 874 554 711 560 404 635 377 563 669 743 761 895 742 87 18 934 519 154 704 756 748 86 615 938 433 867 871 405 837 649 672 845 726 762 584 498 929 337 102 9 579 641 354 325 578 443 827 296 57 752 188 544 380 893 324 655 744 420 816 882 797 990 192 419 212 806 43 698 319 
49 927 246 425 426 225 577 924 450 101 618 280 20 979 156 894 606 174 500 402 732 666 288 478 383 761 546 393 995 66 644 107 46 976 253 19 507 826 217 448 319 148 911 536 891 161 493 128 295 690 998 481 168 312 339 835 953 298 71 129 637 563 467 617 372 244 291 525 387 361 784 3 774 435 348 677 417 810 125 966 196 628 80 690 452 470 679 457 814 485 565 96 671 441 149 339 800 456 243 603 
813 355 210 240 739 711 21 59 561 714 761 507 776 47 327 434 308 264 224 907 669 631 57 754 487 681 165 599 692 703 490 897 636 755 491 259 827 875 205 390 904 613 126 27 982 376 575 115 468 594 26 661 735 963 174 483 447 837 703 497 558 903 483 378 261 732 847 297 529 557 728 266 691 712 486 19 77 18 971 634 647 648 425 476 266 398 248 782 196 547 439 84 450 609 611 572 604 836 547 150 
969 15 27 74 843 285 375 190 294 770 639 843 370 975 185 683 568 692 725 233 210 405 993 652 570 428 597 633 940 783 585 173 544 453 770 644 735 690 771 489 855 148 496 362 169 626 566 398 960 544 399 574 404 849 73 886 564 186 654 71 619 359 662 722 937 676 944 682 753 226 944 327 395 396 970 3 984 693 268 66 707 255 90 547 175 578 411 549 715 408 225 208 955 41 310 338 264 840 737 186 
791 809 712 996 630 53 688 385 347 860 775 266 15 573 851 34 976 405 739 686 884 905 315 401 345 2 797 552 241 29 883 582 771 979 705 525 429 444 550 794 653 515 516 43 407 557 717 840 360 460 501 932 650 907 111 182 968 421 55 384 241 222 215 491 857 533 277 21 131 132 66 296 163 118 13 368 335 524 589 417 54 476 662 171 489 303 10 971 190 374 217 279 19 608 627 165 183 137 314 272 
388 354 701 865 553 834 23 958 652 302 303 57 669 666 840 248 269 956 120 660 365 249 45 672 219 766 123 600 127 165 211 259 660 250 926 871 899 65 199 96 841 678 830 444 368 193 896 430 963 188 868 709 754 978 104 240 662 605 266 440 62 860 220 850 824 536 206 303 100 145 791 826 578 161 374 134 724 429 954 393 437 508 442 577 265 685 527 946 702 225 733 977 832 186 440 240 83 623 276 341 
977 501 828 785 995 763 948 931 868 98 410 30 170 871 983 854 469 559 36 306 138 422 959 462 273 195 525 281 345 124 833 485 86 457 331 640 161 319 732 190 134 372 733 593 571 298 255 774 508 715 997 157 307 471 189 461 300 724 158 961 607 914 572 283 983 513 518 60 895 74 433 373 396 40 949 69 54 313 829 199 336 836 828 46 207 369 267 808 39 127 823 253 800 766 287 187 967 426 779 48 
114 280 559 874 556 384 927 726 894 863 638 515 550 440 151 962 153 831 940 725 980 122 292 689 592 4 366 897 220 246 444 272 380 804 452 811 607 786 288 593 943 121 685 703 922 267 536 148 453 806 388 70 15 776 937 488 299 671 958 369 472 219 31 185 691 419 337 618 724 273 218 569 494 523 702 383 271 719 397 313 279 450 136 808 966 717 521 766 214 316 866 830 368 636 822 190 298 801 573 476 
758 553 811 714 173 521 631 967 218 713 424 404 732 966 723 263 331 565 874 591 580 159 239 54 711 661 383 476 230 25 481 917 104 758 5 761 107 390 505 91 991 406 871 537 679 855 3 344 963 748 279 936 393 651 113 339 755 594 709 966 737 664 860 593 751 741 758 209 161 286 339 967 634 33 437 549 381 617 177 444 946 599 397 605 794 237 915 290 614 216 195 696 665 729 487 708 983 952 1000 111 
645 119 535 143 511 630 829 699 480 735 539 618 876 960 70 577 338 393 66 823 245 217 415 775 466 570 713 498 859 581 161 214 554 723 1 703 969 865 749 479 782 359 301 589 109 653 143 568 805 978 593 207 620 67 652 246 598 317 932 62 705 991 83 794 156 686 502 114 246 158 488 150 802 442 530 625 944 577 516 599 295 517 901 924 39 905 485 538 635 414 140 558 835 754 324 480 535 534 649 462 
472 98 657 916 809 111 479 793 538 80 729 1 749 270 273 90 177 223 896 686 692 682 846 909 534 818 71 131 528 373 7 493 739 199 182 179 469 832 423 595 215 430 506 154 218 920 273 175 975 337 824 270 157 293 534 174 509 211 696 416 98 679 148 884 101 779 306 442 805 993 79 273 818 976 699 943 154 16 251 382 613 475 377 535 507 171 951 438 414 402 506 906 922 9 451 135 736 593 145 922 
338 1000 698 336 801 520 545 11 746 306 144 283 567 770 607 925 473 175 949 818 787 617 595 462 466 903 744 162 353 757 215 993 609 878 573 684 590 148 94 611 28 361 159 817 216 920 398 338 779 301 93 356 65 398 550 783 56 493 280 985 108 379 136 298 183 946 387 426 934 207 887 138 991 690 866 246 773 539 290 676 102 315 467 617 660 292 135 249 600 582 831 872 701 823 608 74 312 446 865 4 
581 925 281 613 804 768 453 652 171 446 695 583 77 635 10 461 104 135 538 633 708 855 672 3 103 630 691 340 558 783 914 126 286 2 422 551 345 113 829 864 859 125 881 534 348 938 351 163 376 531 418 802 498 76 80 702 295 123 581 477 855 673 531 726 566 890 291 372 248 719 925 926 220 484 460 589 903 379 349 665 425 157 397 184 821 952 954 300 801 377 930 952 798 575 736 111 905 938 869 17 
496 262 674 634 696 536 532 857 859 291 121 218 335 79 526 928 361 344 83 107 529 118 310 561 503 302 28 517 875 164 182 225 938 667 664 216 725 619 389 957 827 318 142 865 94 679 793 229 995 951 110 5 539 325 629 173 407 722 59 555 360 70 836 192 4 10 170 780 444 899 635 29 619 799 297 860 138 512 946 948 886 122 792 864 506 531 931 447 680 102 50 879 931 19 249 75 993 511 37 722 
852 459 290 334 463 60 709 373 606 606 309 392 254 605 436 574 131 362 556 652 241 31 957 275 498 191 899 94 197 973 300 678 384 615 238 212 980 534 351 146 135 645 86 94 247 772 447 252 946 480 981 287 667 680 271 36 879 279 861 555 21 721 587 195 755 475 196 929 429 324 658 965 897 514 362 105 62 322 757 366 179 280 16 141 716 110 205 350 470 397 890 649 220 518 855 655 10 828 670 187 
423 952 811 843 471 743 179 525 814 276 248 376 665 598 746 224 503 101 226 429 597 223 792 505 734 41 788 556 937 404 849 158 500 422 262 136 783 546 670 311 435 741 719 598 114 222 711 847 464 81 387 197 966 623 338 513 399 390 53 647 100 49 74 941 874 484 446 376 459 694 911 610 658 210 996 636 360 940 940 379 507 229 467 122 502 995 587 421 308 392 407 533 718 150 347 740 684 428 983 383 
552 223 938 323 854 391 779 37 383 284 115 642 69 734 743 552 57 742 577 279 528 653 357 416 980 158 913 328 535 154 302 568 34 97 268 653 499 920 993 759 669 979 114 448 473 223 330 11 499 684 127 294 935 390 788 269 554 360 393 708 613 68 623 873 60 696 503 180 718 848 266 372 268 675 803 648 900 477 801 422 551 626 537 579 54 82 920 488 716 853 629 773 373 995 549 709 660 912 576 405 
689 363 161 506 266 394 268 158 248 300 319 815 786 722 402 348 656 131 99 381 142 322 227 678 32 774 724 607 668 902 836 91 82 103 651 547 537 547 351 319 963 208 809 952 777 362 560 765 777 694 524 439 611 412 21 227 531 727 450 692 665 77 173 619 869 118 467 172 965 779 682 694 753 164 939 222 749 29 910 1000 325 886 381 388 616 550 537 849 771 347 952 265 750 585 72 376 884 605 678 193 
900 980 495 447 972 540 432 142 757 791 312 428 625 904 146 719 457 788 25 931 243 518 733 96 969 326 682 678 645 639 511 470 528 363 52 271 850 534 604 186 587 828 10 658 440 8 320 651 18 850 675 638 712 643 858 486 812 568 637 618 555 505 867 495 30 285 555 129 22 804 764 591 4 8 536 368 230 529 891 749 326 436 626 845 413 375 630 439 188 635 855 791 963 847 781 856 298 901 554 146 
724 755 356 297 620 432 86 26 408 448 478 626 722 790 745 500 526 598 842 247 821 364 242 194 15 116 818 149 896 279 364 885 425 742 799 395 743 614 80 587 361 881 910 876 586 877 158 400 55 435 829 545 595 166 916 278 605 269 469 937 179 807 44 959 280 794 537 371 560 528 434 319 717 895 830 216 82 299 236 500 276 443 97 315 497 212 744 543 224 686 483 698 952 593 920 563 917 739 968 660 
413 97 481 723 840 183 218 106 462 462 990 941 706 177 986 224 44 580 985 698 501 634 848 626 43 218 651 565 748 436 389 185 880 85 247 690 975 765 576 966 33 601 338 198 876 18 333 803 176 218 965 171 647 86 351 671 656 476 145 522 370 938 134 920 718 256 865 464 101 844 497 64 40 704 707 3 39 890 854 210 761 168 895 316 290 301 556 19 346 69 206 21 914 697 255 531 610 463 971 26 
494 105 860 939 559 880 757 97 565 645 368 391 570 563 674 147 218 5 188 35 479 40 301 419 121 700 907 535 714 60 657 683 463 400 266 613 898 571 612 340 388 766 263 615 737 632 140 644 804 32 155 75 897 217 956 15 841 896 887 649 536 549 176 496 970 524 642 921 420 207 148 62 488 314 800 814 808 770 640 290 43 162 108 919 541 180 38 861 560 897 511 939 625 597 954 852 438 258 29 338 
931 935 737 317 603 76 135 344 691 685 170 193 867 833 347 323 702 45 415 194 217 898 590 586 168 640 84 820 836 565 2 933 201 327 399 885 755 201 943 153 608 141 374 782 889 678 78 187 858 241 523 369 881 840 568 738 755 754 811 58 314 171 867 47 154 43 170 65 43 909 581 421 57 126 808 732 247 608 894 363 915 467 62 71 722 951 698 510 820 807 561 101 58 53 484 914 156 351 710 877 
495 219 972 552 668 141 68 471 3 761 865 686 150 518 12 263 250 642 559 956 480 996 740 654 339 154 994 667 417 903 591 750 900 760 89 286 3 444 478 268 577 534 715 394 151 592 961 117 141 918 492 359 643 900 118 812 430 756 929 702 679 776 881 615 37 1000 567 978 194 665 162 783 787 307 431 945 505 100 570 334 29 542 669 610 745 866 173 632 537 728 52 519 24 469 776 548 430 447 155 538 
591 479 692 778 535 827 34 657 906 671 937 901 496 127 261 155 933 732 835 744 135 497 287 889 488 1 272 2 132 384 56 472 172 2 696 780 80 651 880 892 772 843 51 23 65 277 65 12 764 350 782 207 604 69 319 906 861 843 605 749 41 223 643 761 390 902 746 422 187 942 547 319 460 526 308 303 397 188 572 834 346 970 136 690 157 293 224 285 513 820 28 599 668 578 175 377 721 167 926 846 
771 809 842 190 341 35 648 801 494 175 682 929 755 381 415 372 717 720 533 805 313 753 335 598 350 171 537 93 697 594 200 392 452 576 503 93 413 726 708 530 698 251 624 557 379 436 182 754 136 48 923 992 849 759 747 398 124 358 277 415 185 394 276 390 146 239 198 672 718 491 754 285 805 867 922 714 109 498 648 247 138 922 741 520 157 528 596 882 851 489 422 923 670 706 638 190 858 985 580 411 
709 438 231 159 969 117 51 540 998 874 579 207 544 809 104 698 872 802 535 86 999 814 728 791 20 640 539 292 974 10 989 849 478 563 680 443 220 154 312 991 650 522 546 511 501 794 127 954 239 984 734 535 98 57 224 590 143 863 565 531 189 160 908 456 109 479 727 917 625 969 981 247 357 382 840 330 365 937 895 524 726 910 607 944 82 72 890 44 3 668 57 727 496 749 253 578 309 188 993 770 
772 132 676 847 338 984 331 933 53 898 395 500 17 688 276 454 194 557 761 604 467 401 507 973 413 270 414 813 275 48 531 606 978 840 364 101 598 46 270 739 744 888 192 190 556 747 107 580 822 460 986 84 52 556 696 792 215 870 120 339 555 830 63 787 326 288 623 459 885 978 269 216 2 183 178 726 354 25 502 990 795 202 952 462 906 336 330 941 802 770 665 729 129 491 467 815 788 689 329 390 
747 794 4 457 895 909 652 687 816 544 891 409 132 819 663 399 801 712 551 263 123 510 525 75 320 761 866 38 473 863 239 755 804 113 679 113 588 732 186 383 826 819 740 176 781 339 245 755 604 835 753 707 444 965 751 589 166 317 575 803 544 638 221 324 931 971 610 661 580 945 761 976 388 598 167 808 402 77 283 38 1 866 630 987 316 68 772 707 541 12 112 946 325 9 462 510 437 197 529 152 
363 935 389 384 697 685 758 748 136 702 656 156 802 10 656 62 428 183 831 945 522 385 175 200 484 516 70 293 854 9 416 279 486 507 769 425 6 253 455 120 306 442 6 633 267 896 613 357 282 481 725 35 616 240 882 808 290 325 130 245 482 5 867 404 328 945 857 928 511 480 533 489 36 540 425 945 90 566 15 238 233 679 714 220 173 797 12 710 2 278 982 457 492 715 878 262 229 460 986 89 
552 684 404 690 931 857 606 504 905 58 948 101 509 181 248 482 307 260 169 471 984 251 589 31 546 497 461 206 385 497 600 600 77 772 167 896 961 588 64 281 582 63 327 53 794 878 470 919 175 609 716 887 600 74 316 890 742 938 732 10 153 12 78 273 9 244 572 990 997 610 740 266 642 881 619 762 893 543 222 177 189 273 387 688 239 21 382 677 900 355 888 750 360 72 233 376 993 464 486 880 
960 535 302 501 508 333 478 297 961 100 780 802 392 799 609 465 64 192 248 277 938 566 891 469 970 618 892 577 281 476 425 771 688 319 473 944 111 973 643 21 763 24 101 463 77 927 450 787 487 985 157 359 106 481 402 515 924 245 804 543 461 797 185 963 176 709 657 213 510 735 293 762 789 680 485 212 560 549 338 204 889 202 778 245 626 774 417 725 624 911 684 800 216 693 938 426 820 710 531 569 
462 686 546 53 517 728 815 269 253 477 749 440 593 687 890 868 940 547 205 798 141 842 529 886 224 146 784 854 992 365 99 712 59 342 877 753 527 819 752 134 80 43 263 401 35 118 170 936 364 499 248 522 460 778 367 295 951 999 63 19 961 431 604 118 488 803 42 915 533 126 499 275 412 212 700 157 707 257 77 181 304 434 431 670 515 180 89 77 18 440 715 124 146 960 555 71 219 257 333 694 
973 636 397 456 423 226 512 960 478 724 136 47 210 453 343 854 260 948 555 453 220 857 216 413 128 363 67 175 894 732 34 191 218 747 217 920 475 899 959 941 335 820 23 177 167 302 354 572 62 870 890 35 875 895 450 307 581 854 393 913 598 89 693 57 752 676 283 977 284 770 597 968 730 565 341 401 755 531 934 886 538 117 346 643 713 532 565 369 615 250 456 747 295 907 410 496 740 366 761 101 
600 627 790 950 660 611 206 329 706 743 733 800 182 286 950 201 803 550 709 635 737 870 997 383 284 93 997 441 89 603 765 313 521 11 590 411 328 793 519 47 79 302 445 325 861 244 538 409 964 128 342 718 280 484 371 459 723 262 282 599 19 928 419 482 525 428 345 921 82 612 452 5 471 492 248 385 259 133 163 662 970 182 60 438 991 656 831 393 270 767 805 438 958 880 960 82 181 796 916 102 
526 872 160 360 966 181 972 273 501 858 533 582 887 20 660 525 842 856 884 190 746 461 898 99 519 209 431 886 48 350 321 366 425 432 416 277 952 941 436 888 6 690 475 604 800 959 64 41 357 534 951 118 618 813 157 186 985 828 669 218 913 133 53 635 206 65 335 966 33 505 323 419 290 583 490 363 81 497 533 30 397 982 100 93 796 441 706 430 473 504 934 730 251 496 60 220 241 830 634 992 
860 492 127 917 885 254 973 960 686 936 991 183 517 30 22 127 954 615 798 995 121 647 125 97 171 272 803 194 95 612 316 310 414 178 675 18 204 154 233 608 298 182 395 392 785 824 793 704 465 570 147 653 143 878 702 181 861 978 980 403 955 471 778 574 35 479 322 391 986 672 121 397 259 185 35 902 581 792 114 940 213 382 70 489 718 184 134 921 748 931 516 211 849 338 583 227 775 863 490 199 
931 292 50 28 227 501 477 460 334 876 501 486 361 367 539 587 227 378 457 176 534 485 496 461 229 107 232 808 93 998 806 183 564 89 495 729 630 356 19 423 703 470 549 36 603 738 559 302 384 136 954 712 509 94 130 765 100 651 912 459 466 217 946 290 336 725 421 655 722 219 147 42 52 922 687 176 821 730 292 590 587 701 893 291 46 649 32 184 993 729 228 462 802 418 434 908 851 417 784 76 
785 791 671 465 314 574 518 240 476 690 863 495 880 695 256 582 501 770 276 769 64 31 152 511 9 143 378 778 553 236 826 275 472 91 637 33 844 699 950 686 699 232 725 46 185 231 404 749 861 494 420 724 334 762 543 656 371 323 982 447 663 256 642 463 291 211 271 709 206 296 453 663 872 103 824 735 36 276 232 148 755 311 899 782 117 909 893 406 131 666 882 872 576 625 522 598 110 571 275 330 
876 527 965 31 909 475 806 629 988 936 581 711 739 35 28 211 939 93 455 549 886 905 610 856 32 133 630 498 628 247 931 931 3 309 418 98 215 841 953 68 646 879 330 322 169 293 669 725 116 870 777 897 72 194 234 987 228 582 764 633 995 987 557 484 30 150 673 116 922 619 983 121 372 231 929 49 777 89 393 866 226 795 974 702 429 619 830 6 399 8 133 501 317 356 532 586 305 885 709 193 
625 7 594 791 852 402 830 959 998 123 595 278 555 409 874 455 448 679 370 724 165 353 295 683 446 324 612 624 33 727 587 20 650 848 856 338 209 700 22 978 301 807 761 508 307 572 971 418 94 514 498 82 66 339 526 543 420 881 528 123 801 983 366 19 439 618 884 295 104 523 572 364 154 929 910 952 420 367 578 10 28 648 426 347 787 850 917 485 113 382 870 750 677 315 571 425 957 25 593 537 
444 81 805 843 569 310 958 839 884 415 526 338 523 413 958 396 811 644 921 569 906 383 545 501 121 548 950 73 808 73 325 109 481 138 485 521 766 401 796 76 758 752 808 704 122 245 394 712 358 203 93 438 675 273 525 421 298 33 258 16 475 447 259 158 59 211 575 571 652 342 454 772 694 469 239 366 803 13 859 947 217 451 806 498 568 990 878 866 483 12 283 75 635 894 631 568 63 720 303 125 
56 905 511 42 465 755 780 513 244 384 395 738 94 681 639 159 981 404 728 526 704 610 6 36 236 505 516 704 664 493 802 451 902 134 651 954 42 918 454 621 470 889 63 120 516 505 669 227 557 790 855 591 774 470 647 680 946 422 176 738 842 629 220 233 138 41 822 409 277 401 575 830 264 606 692 513 404 375 860 704 389 616 462 609 775 781 849 211 313 136 726 368 98 365 240 947 663 831 124 154 
894 673 747 952 589 475 108 826 988 14 406 907 889 654 108 895 962 67 345 160 812 36 258 905 914 353 723 820 658 346 417 682 378 274 543 903 248 178 252 126 854 235 2 481 268 172 626 645 680 308 218 181 384 140 880 30 896 532 864 2 263 232 193 316 412 679 862 62 982 184 825 266 681 90 530 716 44 270 869 592 655 587 833 997 81 670 724 213 104 475 476 960 10 668 872 236 328 861 349 947 
787 658 589 353 294 38 386 945 275 481 665 251 593 252 825 259 387 860 170 113 260 969 970 737 847 338 178 175 811 535 840 793 675 923 974 600 635 580 639 715 350 680 658 234 445 717 351 677 890 260 166 855 794 667 279 850 969 695 420 920 440 995 90 411 657 575 734 722 531 903 869 504 913 558 540 338 388 120 454 213 313 385 340 650 45 733 478 224 949 973 552 732 307 275 720 478 762 90 507 531 
778 868 919 99 111 537 107 103 884 170 931 169 861 39 208 767 730 611 884 877 967 802 499 214 120 19 29 503 34 712 368 616 37 375 202 927 397 221 947 795 232 310 721 723 90 995 598 369 964 328 908 654 43 505 17 98 620 160 493 704 917 502 152 860 679 292 321 818 112 772 177 813 4 361 853 840 92 799 690 292 911 921 259 703 260 757 703 893 890 462 430 390 566 126 857 812 804 414 377 774 
745 483 287 966 45 783 395 932 502 889 976 637 47 449 861 940 751 885 135 738 686 881 337 485 139 574 966 187 560 818 293 57 567 375 98 428 878 411 830 51 877 420 429 407 865 893 45 912 377 802 94 422 549 972 765 257 174 497 562 517 520 59 698 981 996 523 471 154 331 282 274 673 837 108 475 615 671 473 463 817 459 657 633 548 338 580 387 901 492 475 795 287 527 822 195 447 158 235 824 541 
793 704 932 713 226 901 111 616 888 201 400 690 108 119 738 88 905 220 482 567 240 968 108 972 193 247 709 763 591 843 419 632 458 936 336 545 744 491 950 78 845 24 380 862 702 710 798 567 134 985 500 698 512 781 249 400 811 57 979 493 211 695 386 672 860 7 9 244 354 419 50 886 28 626 710 706 430 740 194 277 526 959 981 649 590 324 806 73 968 889 146 81 712 820 282 616 259 544 140 373 
997 15 968 451 112 693 731 67 360 220 616 532 980 745 90 442 935 43 278 968 876 251 357 427 744 28 928 468 201 801 28 57 781 885 197 130 797 67 478 499 376 898 54 370 996 101 910 135 503 413 455 91 163 627 577 366 544 397 527 801 892 412 206 405 534 984 43 46 256 377 628 439 410 819 390 819 370 140 182 413 930 86 140 557 674 788 194 512 636 650 482 578 431 333 669 995 891 124 312 315 
91 906 448 235 129 697 782 906 787 597 910 424 867 442 241 475 564 674 587 755 736 47 623 868 919 105 430 888 337 189 198 974 437 523 271 51 106 770 57 411 130 298 73 772 535 989 42 368 333 299 792 613 735 880 232 322 726 124 956 232 260 312 859 362 615 432 676 43 961 105 370 947 988 47 843 597 722 819 651 40 42 753 942 696 127 994 899 80 282 762 748 855 352 223 377 564 423 292 604 55 
97 610 463 429 355 730 793 623 888 561 224 928 702 408 577 377 210 335 763 91 727 86 505 344 449 568 462 543 736 740 178 122 672 929 595 765 757 109 311 294 532 442 13 651 613 462 196 116 445 997 171 670 319 133 728 817 602 518 244 743 790 628 291 18 840 90 785 864 805 965 952 469 371 498 247 294 635 909 92 37 587 695 497 606 536 962 796 933 280 629 105 737 733 735 419 545 182 97 607 394 
824 165 705 562 905 893 128 940 237 681 492 336 857 161 64 22 805 547 298 727 815 481 304 633 90 594 141 413 942 867 464 342 673 314 485 991 666 327 429 697 830 568 265 657 764 495 124 379 987 865 838 917 35 966 524 769 720 745 893 80 203 515 664 16 116 616 601 266 394 669 330 50 50 123 822 468 142 781 705 471 788 243 275 849 367 361 691 751 172 623 664 719 235 341 443 620 261 34 504 789 
892 505 371 979 46 833 880 460 739 256 155 793 278 243 613 336 145 932 288 839 528 993 738 686 712 349 837 567 784 429 287 997 685 145 301 590 692 908 770 319 57 330 742 314 628 158 209 838 547 557 7 492 818 378 326 793 463 631 42 533 522 157 985 518 17 368 922 817 243 577 665 959 338 41 229 800 11 647 331 119 154 351 547 922 46 560 840 52 739 175 622 784 959 605 331 308 228 978 303 848 
660 588 648 98 43 536 694 135 134 379 742 199 265 310 634 94 598 772 165 795 770 298 965 367 913 586 793 163 474 163 169 638 741 864 644 754 64 283 852 826 1 118 583 354 646 782 407 139 576 565 513 561 374 90 531 35 646 791 230 911 6 951 170 327 160 602 953 844 772 134 203 637 888 460 977 484 387 836 806 349 383 5 983 788 564 437 700 922 753 754 430 164 853 179 880 200 828 165 642 836 
813 702 520 581 136 480 177 937 733 106 795 569 759 601 244 63 320 974 60 544 662 981 910 325 523 145 661 676 938 423 83 718 317 181 909 149 860 398 306 516 80 542 634 995 317 813 435 733 181 577 295 423 554 132 2 992 643 191 671 496 800 66 161 862 89 601 519 849 16 548 769 19 399 147 711 909 756 148 137 659 777 779 569 990 303 948 797 255 867 312 976 454 361 186 920 904 581 869 466 334 
848 724 665 880 615 341 110 997 808 275 746 909 222 894 694 750 260 825 83 864 989 880 622 517 745 244 827 279 300 77 402 128 689 955 871 776 868 136 515 647 285 477 784 304 585 24 18 669 450 127 785 117 462 219 291 239 661 716 127 17 180 773 11 409 678 4 478 911 138 985 258 70 24 887 570 550 93 988 282 471 455 497 507 139 770 990 325 160 296 6 623 832 799 81 850 880 708 180 603 386 
181 218 352 950 932 949 994 116 760 853 432 567 174 276 948 126 660 203 95 860 198 925 791 538 866 494 297 438 413 103 738 11 48 201 663 132 766 307 884 973 820 922 689 249 315 843 761 210 778 624 620 984 347 845 565 809 240 807 965 705 151 200 934 614 569 977 76 75 824 332 373 95 222 4 50 929 906 11 869 467 318 984 546 336 636 364 906 98 175 671 275 428 77 220 179 865 594 261 443 352 
728 132 785 45 762 880 277 757 344 696 301 429 565 639 764 182 284 692 413 369 913 516 669 68 452 639 606 623 319 172 632 262 353 329 291 562 620 91 911 574 520 470 524 147 858 745 342 633 623 802 591 978 267 506 112 692 695 268 131 180 726 943 552 377 200 181 735 244 247 975 5 554 615 264 719 59 203 355 99 922 578 57 871 321 625 219 169 697 834 704 93 435 681 443 973 430 975 373 930 213 
8 754 705 988 783 603 257 991 434 367 193 127 736 950 695 330 566 892 362 118 185 87 569 74 869 213 36 608 556 852 952 891 763 23 793 177 862 170 879 789 956 123 995 436 133 453 531 977 391 914 177 79 776 404 866 211 438 520 258 900 219 327 428 216 612 714 7 404 560 18 317 23 405 498 925 788 797 457 136 794 961 528 984 409 524 996 733 395 304 720 105 549 782 466 475 41 174 640 921 137 
959 111 318 210 512 864 691 835 5 607 378 992 853 793 205 687 576 954 709 838 694 97 487 911 547 456 160 498 735 795 657 781 329 156 766 282 27 145 721 861 592 923 740 193 378 164 99 942 873 484 415 536 350 951 510 311 733 862 24 887 681 841 453 244 481 422 554 451 184 217 59 431 330 520 722 455 955 314 605 705 930 339 870 85 34 870 692 112 249 600 886 724 584 453 528 704 27 545 846 33 
756 277 749 885 8 715 753 31 755 832 537 308 615 342 751 273 335 251 195 383 833 505 599 124 506 851 277 719 356 912 557 72 315 495 979 674 869 744 589 958 663 867 42 372 372 671 549 720 368 945 577 15 123 318 679 293 66 679 778 541 687 505 356 52 112 997 233 842 925 994 97 366 435 685 363 404 789 419 629 406 307 859 800 13 626 963 104 642 443 285 242 701 960 549 638 336 248 362 275 994 
404 262 658 396 586 788 762 889 39 686 170 782 626 687 350 604 843 595 537 310 370 649 745 755 396 931 839 474 159 858 605 701 831 520 763 420 74 987 602 966 829 635 953 478 66 641 486 800 833 891 940 894 10 840 74 236 885 525 445 284 913 961 508 863 57 411 529 273 517 390 431 584 580 983 862 232 126 907 483 909 224 807 789 295 57 749 611 707 169 879 849 36 546 324 754 397 646 204 943 633 
400 538 637 313 406 557 988 186 756 58 963 257 780 930 633 179 769 540 103 549 268 119 922 364 77 365 196 522 675 767 250 623 814 905 40 344 33 586 975 990 38 643 313 853 650 897 884 327 415 561 290 733 680 359 306 209 807 442 590 843 698 223 901 158 349 377 115 358 993 298 37 921 73 729 441 223 285 512 609 183 63 304 832 919 323 827 885 735 996 638 381 563 562 297 349 596 943 341 156 609 
680 64 911 815 393 816 383 642 225 170 261 991 13 901 861 712 64 200 176 322 176 245 531 847 780 913 517 971 57 88 62 693 292 506 963 116 34 812 831 307 611 340 755 379 452 373 949 67 148 458 398 134 438 755 965 74 934 426 538 96 159 489 13 277 744 969 813 580 847 785 516 437 373 697 79 990 586 930 516 733 65 733 716 111 116 948 592 480 354 705 96 359 61 441 773 13 808 140 752 203 
653 203 572 13 229 319 959 806 633 402 78 561 189 492 638 945 324 789 510 750 695 305 569 196 982 421 987 866 305 373 49 804 336 879 338 222 815 231 452 565 765 880 343 131 612 12 327 367 11 65 637 583 678 736 732 747 815 402 993 919 270 345 443 781 892 288 258 412 437 856 501 177 100 304 555 728 520 889 387 183 164 299 103 919 197 111 763 1000 60 619 396 952 883 835 659 568 660 834 112 700 
693 84 108 580 440 231 686 35 655 726 671 259 117 537 650 603 183 717 947 655 73 955 984 386 965 936 980 811 862 9 688 265 458 672 469 947 726 871 413 185 428 328 967 209 824 806 272 127 304 140 447 236 465 528 921 161 934 172 491 816 556 385 198 583 617 976 93 931 362 206 50 469 404 306 598 971 426 623 215 277 477 17 819 514 930 294 939 927 989 210 564 548 187 854 23 883 533 167 567 950 
120 902 570 571 513 250 17 70 543 950 978 276 625 519 845 591 678 391 931 67 499 487 825 499 214 645 661 721 74 625 208 289 980 181 337 184 393 601 139 734 498 257 556 349 904 412 502 285 674 568 115 886 109 607 969 265 795 696 901 299 84 516 764 119 321 782 52 663 512 806 896 447 521 434 107 150 990 889 804 74 409 454 256 422 872 821 742 298 420 461 251 560 296 834 350 38 164 62 933 477 
