359 765 230 210 11 31 6 191 774 474 664 337 3 514 184 126 862 419 109 360 698 146 518 510 21 788 568 965 450 90 305 739 922 526 284 740 360 135 465 821 464 448 920 774 779 856 458 397 882 138 549 5 252 668 362 382 431 724 332 773 615 990 958 236 341 27 297 509 182 548 18 191 574 748 893 611 690 659 488 137 872 207 197 875 475 588 149 883 638 980 166 384 180 610 825 316 730 672 426 441 
642 897 509 473 509 953 905 221 524 816 420 717 874 653 3 551 665 95 236 530 832 207 394 650 158 529 780 974 471 194 691 132 960 587 829 839 167 251 75 703 572 523 419 767 534 970 931 187 571 801 627 160 480 673 117 533 377 472 700 991 446 19 422 307 491 237 968 949 138 854 36 741 6 711 89 465 415 761 744 109 821 485 782 22 658 678 211 407 249 203 29 915 853 712 905 281 496 76 856 702 
921 702 906 684 280 792 538 39 337 838 670 8 418 664 233 763 675 354 414 187 897 925 859 750 695 774 808 187 994 900 683 543 288 743 665 783 300 4 330 143 312 53 530 537 943 213 832 914 629 177 53 22 902 490 442 251 904 551 342 795 535 464 707 900 323 557 308 714 39 524 725 299 16 466 23 747 352 816 750 862 30 511 785 691 52 775 790 392 37 640 439 623 529 204 781 8 654 852 423 441 
748 198 215 601 157 304 665 626 296 991 521 156 401 808 808 558 62 495 667 855 240 694 248 818 500 389 189 929 309 248 943 65 368 622 476 51 676 965 773 778 580 299 180 520 242 896 270 67 953 487 652 573 375 883 532 681 13 950 967 889 61 749 967 181 543 831 543 805 192 804 319 16 487 723 42 557 221 867 597 958 281 907 191 829 421 253 504 79 216 397 527 229 857 335 355 297 532 118 942 301 
229 153 665 575 710 105 936 224 534 109 876 212 305 710 894 461 502 190 911 624 137 51 73 81 628 298 448 929 268 447 979 573 911 1000 586 651 925 457 419 174 90 827 948 528 734 109 999 271 310 788 797 24 523 78 248 720 188 515 258 402 771 180 459 930 746 838 803 856 544 344 93 385 507 631 627 831 219 843 724 544 977 154 927 916 379 130 522 231 909 180 379 271 301 172 451 816 458 357 170 811 
946 9 971 501 943 582 293 491 725 428 730 532 51 891 176 335 284 778 633 194 137 650 434 860 573 921 173 211 316 538 666 135 832 217 585 272 137 932 341 450 592 38 69 166 33 661 588 77 467 923 707 53 638 209 872 310 119 927 350 686 818 473 384 336 37 148 675 932 581 558 855 648 640 482 457 563 902 851 808 882 12 40 258 788 582 958 963 552 785 875 922 294 274 470 335 99 134 821 796 990 
151 38 960 943 392 646 170 808 798 200 656 915 874 294 923 322 751 147 142 390 645 9 164 463 215 469 596 3 903 984 802 122 380 185 379 757 509 726 372 710 621 186 303 363 811 544 379 549 692 749 894 749 655 988 394 669 645 923 626 980 755 178 184 299 318 404 748 253 746 694 306 852 559 132 185 798 744 275 332 423 145 545 110 839 316 936 855 116 240 282 461 754 512 391 345 383 803 777 600 76 
844 440 34 117 592 546 698 137 472 194 410 916 18 609 347 794 120 618 598 359 381 415 250 706 183 170 330 704 126 358 98 796 871 147 974 988 573 408 503 63 621 794 363 930 924 267 136 810 607 158 605 11 727 519 196 255 871 511 944 763 475 941 687 507 383 161 588 398 41 881 204 924 540 654 266 227 25 201 953 865 76 295 486 908 33 364 664 909 146 204 509 156 6 156 602 68 687 918 30 391 
503 723 932 516 144 299 43 220 743 921 203 845 980 370 430 6 49 284 521 705 716 354 78 670 627 573 591 668 35 671 777 578 861 945 715 988 342 725 473 425 65 677 489 641 435 602 841 868 522 953 755 790 875 560 95 966 951 190 739 166 753 608 393 469 942 119 933 559 10 311 90 934 771 555 608 602 468 452 52 628 824 801 275 512 761 831 876 776 588 633 666 566 459 372 746 234 127 105 783 545 
767 405 40 334 617 958 251 426 276 811 488 792 632 974 629 299 987 238 417 632 688 628 718 568 470 31 128 758 842 251 309 679 434 757 8 759 968 857 190 239 567 852 324 692 388 174 427 284 148 823 722 762 814 890 838 841 941 446 231 956 389 721 202 420 231 744 287 787 850 554 990 405 968 482 3 246 306 339 355 886 921 126 642 977 234 742 931 484 245 85 859 842 99 759 170 988 937 572 607 366 
813 84 86 558 580 810 937 72 669 427 865 325 230 40 295 859 849 702 699 509 738 295 368 266 656 970 258 91 277 21 941 534 36 194 931 584 310 680 393 95 857 576 936 502 702 24 395 449 5 725 433 456 111 505 321 481 512 124 661 134 447 694 77 669 411 730 80 678 43 159 425 263 434 144 580 452 902 323 708 898 828 591 914 786 81 694 580 603 871 506 679 8 906 476 498 145 822 359 530 117 
719 43 987 228 900 870 522 819 497 637 876 441 728 840 225 942 716 203 67 244 249 912 109 477 387 538 522 691 745 581 348 647 598 369 989 498 452 334 341 311 853 921 960 497 319 900 427 360 747 643 803 823 67 114 474 625 517 669 440 386 289 376 610 234 195 237 289 12 981 195 17 413 852 827 300 55 28 62 739 685 523 499 432 921 872 349 867 121 718 576 919 241 664 20 168 185 883 994 924 783 
802 835 291 784 666 608 956 871 243 244 989 632 888 942 198 254 723 139 403 136 712 328 117 707 44 245 948 633 385 436 690 903 385 369 310 212 477 28 196 253 977 465 462 469 869 985 825 338 378 793 991 915 607 176 932 253 904 735 199 581 530 313 79 79 213 825 799 69 6 258 784 900 1000 945 361 569 775 680 901 72 633 716 530 628 296 293 441 739 344 798 639 233 730 250 151 725 595 471 457 744 
956 671 611 201 798 272 843 318 98 877 406 774 58 430 960 305 423 763 176 104 544 318 711 257 588 469 702 979 605 583 993 504 545 22 963 120 102 594 495 66 697 927 800 126 194 325 38 805 968 725 653 546 69 699 508 498 941 494 495 398 569 605 386 114 10 476 642 837 836 124 385 481 681 872 902 413 950 683 775 517 102 831 324 315 969 441 337 735 449 888 720 2 841 581 320 640 211 76 86 148 
236 424 614 221 45 700 982 542 401 142 143 156 902 38 129 64 370 188 539 612 84 232 99 802 371 203 256 776 431 355 817 744 194 603 489 396 586 97 930 943 335 320 203 582 203 230 248 685 739 576 188 782 633 882 822 396 506 723 669 829 699 332 1000 366 371 993 39 385 572 480 520 138 12 175 87 255 795 178 621 173 528 145 571 271 524 968 475 626 986 73 339 44 762 524 744 538 825 382 611 857 
575 607 170 68 964 341 53 988 455 407 427 638 77 756 74 901 891 593 855 961 832 257 695 128 249 710 979 416 882 734 865 798 358 754 797 977 364 792 924 408 390 728 704 850 310 715 853 740 432 975 782 644 766 7 501 629 468 935 318 923 641 870 982 150 686 516 157 340 318 371 301 239 98 106 142 773 568 59 384 550 279 782 732 321 186 543 472 351 575 563 964 705 298 816 781 172 946 602 174 418 
256 569 694 773 696 64 27 933 710 545 264 873 14 603 181 914 15 413 12 970 789 861 955 956 537 529 299 693 768 607 44 199 421 608 779 679 27 495 297 333 819 551 953 560 327 594 357 684 345 438 989 507 514 233 622 128 547 102 627 148 673 120 675 207 457 459 390 888 520 586 989 640 181 234 285 240 782 678 576 411 76 508 40 69 324 500 216 163 866 409 210 461 324 992 270 222 568 342 830 524 
483 390 675 331 40 943 650 124 929 811 57 178 44 884 985 381 789 658 111 295 524 656 162 52 795 236 643 287 655 700 188 912 88 750 167 802 150 696 452 616 618 855 790 751 630 11 106 174 474 742 213 690 692 525 178 278 387 495 389 744 672 243 878 863 18 447 461 792 412 59 126 744 101 507 577 788 20 531 618 140 830 285 960 886 166 766 619 590 583 142 903 11 729 574 648 973 285 420 816 666 
831 538 204 97 559 317 432 62 604 105 394 139 846 946 114 647 550 325 204 184 132 893 558 877 757 593 500 214 951 378 206 765 962 971 579 45 644 121 93 920 905 90 360 335 710 666 608 347 840 328 702 313 926 751 126 241 696 80 529 647 346 429 122 258 801 192 406 307 752 74 597 472 407 480 272 349 465 176 374 324 953 249 807 547 168 768 956 364 182 695 224 595 867 504 527 80 696 583 970 548 
718 229 380 56 626 129 613 40 740 793 920 967 947 342 794 893 656 245 986 683 691 514 351 422 789 47 227 650 699 715 426 982 243 829 966 157 607 759 187 549 59 808 362 416 844 202 220 552 87 930 388 368 667 389 778 717 893 495 896 731 646 351 970 4 35 503 303 307 480 312 118 783 337 514 383 859 839 120 544 362 916 10 584 399 387 84 92 299 519 132 603 792 30 961 775 466 625 991 571 301 
339 494 660 586 499 642 413 467 576 454 251 597 225 682 529 142 286 235 9 172 78 217 864 621 245 692 53 996 314 655 102 481 819 255 646 690 389 805 911 205 540 719 248 672 314 765 435 783 320 198 326 892 239 363 963 373 577 43 126 7 545 182 715 81 812 350 58 715 450 631 744 461 77 590 651 148 741 527 761 463 13 905 310 48 733 773 384 62 373 412 208 398 891 814 112 410 778 54 635 362 
943 842 213 311 137 449 609 295 580 558 529 786 313 313 637 43 726 916 451 122 437 330 311 838 524 19 31 688 537 861 6 522 40 869 867 494 170 771 101 660 443 619 477 963 897 728 712 49 452 635 504 942 726 817 862 554 352 106 581 302 254 614 702 544 104 914 668 432 30 656 243 367 720 429 970 176 631 395 642 502 123 527 322 485 962 245 217 645 994 503 519 841 715 685 687 102 92 798 85 951 
456 20 104 661 805 765 805 787 433 422 840 583 513 867 807 509 687 202 172 854 15 101 455 189 454 237 54 706 248 316 922 1000 908 51 320 761 614 634 928 129 338 838 925 423 336 636 73 760 208 572 725 14 290 209 314 342 290 940 191 807 511 16 383 182 159 905 446 503 257 574 488 158 262 413 774 355 724 669 989 307 57 23 717 395 392 214 420 48 643 245 636 306 334 383 288 519 411 850 886 51 
352 77 552 717 921 264 885 53 146 35 888 186 462 839 610 888 517 912 73 54 453 636 467 550 40 309 688 677 182 298 964 858 679 636 622 803 311 684 529 331 766 538 124 137 915 736 319 434 852 733 516 885 925 37 608 191 355 213 821 429 523 45 629 823 883 710 293 85 421 803 444 216 844 725 294 475 164 502 121 483 306 902 803 985 877 188 966 425 176 692 105 803 782 639 837 54 928 976 121 292 
21 971 506 809 743 928 410 813 414 733 499 865 491 642 65 574 459 829 961 385 470 573 538 418 227 716 87 996 594 142 341 943 285 718 471 129 460 144 436 859 260 393 946 519 675 186 73 688 746 908 414 786 103 205 186 96 150 760 471 44 92 283 31 448 72 794 328 148 110 537 320 305 169 6 592 154 29 821 336 114 774 893 936 264 632 447 318 55 76 127 577 122 187 212 529 741 618 25 968 998 
514 910 201 850 939 488 964 309 85 573 779 625 515 108 924 447 724 136 987 52 559 438 314 210 842 68 656 104 319 769 172 476 52 491 61 20 286 556 912 340 913 806 364 49 750 525 405 812 545 68 595 442 149 807 886 129 967 775 136 165 268 725 967 73 840 758 726 817 820 124 504 219 243 349 712 342 713 172 599 586 128 46 627 367 769 575 632 922 924 427 461 282 51 520 894 193 529 864 954 62 
810 581 448 495 631 701 843 147 810 757 463 141 352 394 246 213 263 874 20 145 957 697 75 897 546 352 292 656 204 456 291 214 269 996 397 882 35 595 265 653 228 613 816 10 499 701 114 905 995 45 375 755 679 376 126 239 156 464 661 91 828 335 422 47 288 67 507 499 585 467 6 696 435 742 639 756 646 507 242 359 514 650 124 11 358 569 818 344 381 91 174 93 86 36 999 339 295 847 228 483 
93 984 821 696 283 133 359 991 644 335 729 931 550 991 247 869 549 435 459 768 497 895 666 146 846 416 546 479 446 149 526 672 37 6 404 305 472 398 660 543 162 669 469 864 437 398 301 685 786 880 756 458 29 503 542 903 999 474 907 31 457 943 861 197 563 323 526 886 494 862 875 361 788 162 672 491 634 140 641 816 294 844 979 4 851 303 341 463 759 108 470 854 517 875 652 782 811 336 662 132 
826 623 543 680 317 250 608 488 545 814 112 937 960 444 602 1000 697 643 923 886 735 690 471 10 580 283 103 840 835 123 665 495 839 775 77 168 626 648 975 67 38 991 581 388 610 507 766 314 274 871 781 480 422 593 834 397 748 933 619 94 956 144 676 51 593 352 424 38 79 553 322 335 605 242 517 109 361 158 924 824 674 783 798 490 102 165 498 940 136 899 819 300 493 970 505 195 716 271 132 541 
296 960 973 890 875 885 186 841 416 553 758 284 397 727 195 799 627 313 61 42 308 459 204 606 320 22 541 756 276 705 878 617 680 266 420 222 354 394 899 155 796 311 425 731 423 651 975 739 107 1 125 405 428 599 713 305 930 967 844 290 445 608 41 278 547 762 747 768 400 839 329 328 57 44 177 665 677 863 799 915 624 538 207 759 157 829 287 928 151 722 338 217 100 170 986 721 15 117 813 307 
248 335 187 466 938 45 601 522 57 623 469 74 758 480 647 93 561 88 320 271 58 931 378 253 916 762 92 837 190 327 64 469 270 277 794 295 764 958 303 2 569 615 736 812 195 326 482 835 942 588 475 931 88 44 474 793 992 219 307 622 420 202 503 584 703 79 644 434 11 258 846 668 496 195 113 805 481 241 914 540 799 180 617 7 396 12 733 426 142 979 876 41 847 21 589 833 893 792 292 744 
978 830 377 293 490 407 262 282 412 860 211 598 936 118 936 263 531 29 350 212 130 76 642 617 361 58 711 148 374 996 927 460 742 589 982 601 3 591 203 78 90 659 683 899 541 45 132 975 73 11 347 275 150 764 402 650 870 245 114 572 396 703 96 394 339 204 951 795 632 352 27 285 485 580 893 416 754 453 256 68 922 315 822 570 391 46 367 400 619 163 456 454 109 340 940 278 692 678 490 505 
43 116 282 907 681 209 549 800 324 706 24 289 329 177 628 727 354 14 454 192 220 280 238 558 268 993 990 469 182 104 801 621 338 816 781 93 331 406 334 185 581 712 89 378 227 104 41 188 82 216 370 653 221 7 96 712 869 129 770 201 381 149 921 724 528 936 967 910 431 304 766 5 971 755 542 332 283 749 73 246 915 767 119 707 609 101 666 208 149 288 373 449 652 658 270 658 97 609 948 235 
665 986 175 321 897 735 139 601 398 211 856 672 209 257 730 702 741 541 671 665 150 442 426 326 272 635 244 138 497 613 201 462 12 601 998 33 11 272 405 983 80 230 890 592 352 577 622 755 501 811 173 129 182 723 38 918 781 43 6 937 148 18 994 405 333 448 911 961 933 106 47 850 333 276 659 600 29 955 551 469 348 477 447 570 320 231 836 188 190 230 434 747 951 946 313 772 512 852 30 340 
60 417 846 124 776 350 943 421 610 323 82 929 783 932 24 792 152 98 392 196 664 985 667 84 189 762 924 885 928 417 127 831 338 497 133 547 445 107 17 867 501 477 635 305 105 679 662 41 978 41 167 91 886 752 700 464 945 495 687 990 82 842 982 182 5 230 521 923 602 268 847 629 609 517 116 147 943 599 115 599 250 110 764 12 774 182 939 914 209 620 189 330 9 348 511 925 584 980 517 174 
625 120 755 784 66 135 835 930 373 523 900 504 709 990 300 51 114 903 842 872 952 492 50 221 34 658 142 503 975 991 261 274 382 9 146 664 836 943 532 291 159 733 861 781 277 141 562 956 958 272 422 300 787 141 243 364 777 720 206 250 974 140 334 218 519 747 353 553 163 481 802 873 584 465 666 677 672 79 266 596 127 877 355 602 188 537 971 570 850 155 117 736 641 197 683 802 622 787 530 751 
260 25 641 856 53 708 167 291 753 617 585 334 577 841 69 352 577 102 679 547 880 791 541 678 877 503 680 575 312 52 146 997 185 428 566 44 633 929 632 442 180 237 10 830 584 233 912 568 36 687 914 451 912 111 83 807 661 446 594 588 800 731 533 729 560 404 484 985 665 757 249 119 237 968 66 441 679 808 592 407 595 215 616 735 909 312 372 409 92 647 301 437 891 724 310 397 580 742 456 708 
721 348 390 446 353 151 892 761 515 971 697 753 905 676 670 522 692 749 114 414 856 948 835 990 228 866 227 453 457 126 725 488 925 57 962 474 506 108 565 292 311 309 487 626 131 177 63 224 977 811 282 107 725 283 411 868 801 402 591 807 220 529 103 474 216 929 115 201 38 548 920 190 104 51 709 29 883 482 184 630 199 478 952 908 485 470 566 442 580 471 749 405 823 697 995 693 142 7 563 517 
456 628 777 25 170 561 153 319 199 19 316 47 795 489 344 540 669 947 266 404 881 253 995 68 384 491 292 437 77 815 199 571 180 94 540 859 784 177 165 772 305 368 159 807 97 184 517 745 594 428 818 503 158 537 219 264 129 92 559 398 719 551 508 414 454 392 199 448 384 562 799 616 687 980 606 178 20 968 493 781 311 615 51 326 693 479 754 485 952 110 87 700 785 384 500 876 266 197 939 522 
539 142 737 151 52 973 708 989 978 556 155 549 407 14 424 829 306 898 388 102 440 335 536 740 758 761 980 551 365 912 222 263 744 545 440 556 820 334 30 659 212 313 578 76 185 807 622 912 90 655 550 881 214 913 799 49 347 875 624 20 521 191 411 322 121 896 128 268 531 483 839 944 249 499 607 624 566 996 688 756 561 265 737 728 36 634 799 136 948 501 628 55 780 172 623 559 314 743 573 747 
646 432 555 385 355 717 799 931 499 787 275 244 11 413 588 640 232 180 109 940 756 512 171 772 177 805 77 923 585 961 83 925 152 297 575 817 286 276 852 602 981 543 377 684 531 479 890 996 172 541 612 617 352 187 563 942 868 365 666 745 728 715 53 877 972 355 942 348 232 987 579 689 974 788 721 449 630 370 359 937 126 447 633 939 412 72 494 954 898 224 81 69 332 968 193 937 832 264 861 878 
499 750 192 835 604 381 388 190 111 74 646 92 233 208 350 782 411 163 866 412 725 705 638 212 728 293 538 787 215 485 111 900 883 3 239 198 890 32 864 807 28 572 885 959 321 979 738 303 50 361 945 256 170 190 590 648 113 61 971 424 542 286 25 841 301 707 212 108 460 744 153 640 6 3 870 310 667 667 430 481 613 990 169 410 750 530 20 911 939 676 593 619 975 279 646 873 749 381 986 570 
47 841 10 878 60 548 895 359 297 94 528 593 455 725 388 949 556 729 412 261 897 96 593 602 152 325 394 841 7 322 103 204 829 575 423 76 416 675 346 756 721 319 332 289 21 402 927 206 880 695 435 676 880 963 317 71 3 722 42 19 598 161 118 613 988 126 925 542 959 339 716 898 14 226 485 15 154 938 454 281 550 128 821 626 699 625 146 895 686 123 881 925 975 548 794 554 863 426 319 649 
268 257 137 709 683 35 223 142 716 369 181 842 83 552 165 26 968 767 564 845 956 564 571 547 662 351 424 175 785 967 1 192 620 368 509 81 135 661 679 923 604 946 879 500 65 891 639 217 33 624 439 255 353 146 589 511 326 815 341 224 945 897 472 383 955 836 268 497 611 766 696 513 145 874 114 12 710 653 159 722 594 761 391 951 186 663 114 143 868 919 387 697 792 692 607 946 437 595 986 18 
684 129 479 628 117 932 697 886 469 842 354 433 505 542 127 746 321 481 111 399 267 892 47 29 723 116 659 438 221 550 666 984 687 234 566 808 149 853 119 798 578 126 676 282 63 938 813 924 964 282 199 689 209 330 293 673 951 813 479 726 759 564 578 839 687 421 52 722 813 824 986 600 129 549 624 225 91 609 403 393 518 192 663 643 280 116 569 105 702 187 768 990 73 271 316 970 127 950 899 317 
80 450 940 783 494 739 578 827 791 264 423 188 859 717 306 344 260 6 254 89 966 98 433 938 149 787 870 79 349 337 431 125 427 246 890 832 742 660 502 43 912 771 947 234 399 343 204 508 322 365 210 149 802 14 846 79 312 853 266 800 13 434 404 950 353 777 968 495 755 157 737 366 66 773 676 271 374 16 786 196 854 693 264 112 199 276 988 376 421 856 349 210 289 653 303 877 439 494 602 536 
643 448 535 871 328 707 31 407 756 342 455 811 843 177 611 511 15 110 6 257 801 353 715 640 719 471 220 845 689 698 156 54 201 474 811 105 775 448 574 230 150 428 232 173 535 390 921 942 247 169 904 783 368 411 664 320 777 482 253 602 299 17 202 342 609 319 457 403 650 937 54 263 311 733 840 990 107 543 756 857 844 649 647 557 173 155 552 972 925 35 665 281 896 710 840 493 239 300 518 974 
638 25 530 39 891 759 979 107 462 889 777 331 433 747 39 519 629 373 791 649 142 358 265 589 132 917 410 524 752 187 813 24 951 485 472 626 862 309 862 687 434 143 596 841 250 105 426 130 740 252 857 227 112 432 139 274 285 603 715 226 430 929 890 756 465 816 883 604 276 835 4 230 876 294 481 311 147 673 239 952 885 789 225 557 543 187 843 20 501 500 9 385 735 211 74 991 895 695 103 904 
185 836 450 581 647 81 180 649 688 773 711 575 853 603 261 565 616 804 875 504 817 523 654 438 278 675 432 731 502 981 231 859 714 678 843 63 288 917 593 186 862 827 784 411 663 482 975 533 549 448 98 881 468 357 663 749 255 879 193 286 537 15 632 649 473 884 691 200 491 478 452 384 399 637 78 406 401 1000 741 338 428 689 249 787 859 749 97 898 286 89 488 987 573 472 119 662 892 610 367 676 
67 383 664 789 713 385 219 286 245 486 873 575 736 668 934 419 642 88 630 121 23 335 842 983 278 157 398 606 350 188 650 880 253 492 203 782 271 17 182 718 343 378 336 930 429 998 949 884 748 929 43 53 39 60 578 645 311 594 258 476 243 550 825 871 805 698 823 294 813 515 96 163 348 160 390 141 439 753 16 818 422 805 340 755 424 691 732 625 77 538 719 741 784 188 743 101 654 37 402 187 
487 905 487 959 680 28 823 509 827 155 278 385 20 391 620 319 320 450 885 527 300 306 625 917 319 178 552 151 781 832 30 951 882 633 39 504 271 800 831 702 771 334 832 838 105 140 233 236 970 660 144 412 639 373 148 768 686 980 209 568 54 271 616 791 736 142 962 130 868 19 370 340 101 200 388 108 202 847 494 464 426 836 233 675 595 15 916 785 136 174 429 428 44 960 836 71 679 867 71 551 
636 879 620 754 12 276 670 663 363 461 278 133 244 504 661 56 452 645 332 462 240 324 129 127 52 548 462 267 570 982 983 837 203 888 864 301 676 749 761 748 871 233 127 664 53 915 288 135 750 707 466 729 429 203 64 878 810 161 466 286 997 250 448 831 60 179 372 609 393 441 25 774 875 112 923 989 775 553 284 789 500 508 496 190 736 13 662 268 281 675 668 997 492 339 150 210 116 595 858 82 
631 627 315 505 211 238 495 359 136 357 647 597 42 557 476 635 62 271 184 469 366 253 752 68 435 597 812 584 782 270 951 931 259 134 346 153 930 806 736 212 691 861 229 451 421 649 368 466 364 573 890 566 533 740 233 831 495 228 366 535 439 29 368 225 255 1000 658 155 597 909 584 134 620 452 97 468 329 997 217 641 164 243 238 937 297 956 685 697 458 228 193 450 155 702 15 649 785 988 208 98 
880 982 588 538 343 606 863 915 50 460 835 354 820 646 282 708 559 495 670 783 322 832 888 942 117 493 641 444 932 782 135 554 94 821 328 211 713 487 652 220 267 635 970 993 767 80 962 843 507 140 234 366 346 22 695 366 691 13 410 665 908 874 700 599 916 79 471 743 972 923 147 404 449 174 106 140 394 511 665 416 192 413 395 375 422 481 523 214 998 627 782 546 166 644 82 590 45 400 527 640 
238 750 41 349 872 960 167 829 951 413 563 425 675 990 14 25 482 966 623 722 485 802 672 245 276 23 310 570 111 19 747 339 802 772 985 741 275 501 132 217 331 399 861 642 671 836 87 694 91 183 152 999 482 183 46 812 292 649 515 752 803 965 318 724 308 201 279 544 215 434 391 860 475 18 354 77 402 963 634 260 371 377 41 200 386 557 11 307 592 61 781 162 552 1 598 646 992 361 136 440 
992 763 355 986 754 792 71 608 69 918 259 20 360 72 807 449 616 657 290 560 30 631 505 662 256 524 205 87 906 705 679 523 921 267 459 382 44 919 110 374 839 417 542 605 509 576 373 47 889 798 736 877 801 947 346 703 968 217 344 481 151 723 393 236 647 238 188 501 253 553 862 299 258 241 734 714 150 181 663 308 681 649 738 943 725 406 45 474 507 349 171 521 737 652 489 976 629 90 835 139 
1 924 585 780 67 218 193 302 519 347 434 974 595 893 906 962 903 538 941 658 391 12 74 642 462 368 723 889 376 120 2 260 813 163 259 212 861 583 802 254 740 711 649 265 572 319 661 690 961 676 542 523 749 297 777 226 873 835 132 925 316 846 886 748 939 369 40 503 789 429 372 142 258 779 616 727 112 267 687 122 257 704 557 625 140 824 892 427 726 394 624 952 949 152 779 726 809 508 205 369 
991 119 868 714 748 564 908 974 634 220 860 71 442 314 565 544 62 150 335 834 537 951 81 548 638 705 589 87 458 15 886 615 591 442 182 637 717 791 689 153 743 38 824 525 392 70 154 477 480 583 558 995 255 256 29 39 740 534 511 123 234 406 293 956 376 545 975 916 771 150 585 533 387 574 334 120 967 553 513 916 405 822 52 530 282 183 104 900 74 418 791 310 541 76 737 196 511 497 305 803 
897 911 507 189 273 168 476 44 611 901 670 591 426 711 671 354 200 697 493 479 213 962 448 955 279 919 883 100 215 221 737 438 140 148 464 677 182 639 533 884 545 31 132 692 3 815 921 840 132 587 776 725 41 650 93 647 605 538 169 519 13 930 698 745 702 626 582 457 422 807 916 77 91 12 103 750 763 754 487 552 162 55 678 57 610 949 308 918 738 649 471 385 245 116 386 591 141 430 873 838 
996 158 734 947 951 110 467 209 752 659 741 990 342 203 794 303 619 919 103 244 401 8 664 366 850 686 92 261 284 875 731 134 861 677 784 882 960 243 165 906 435 855 168 837 44 713 304 428 656 221 355 485 352 171 280 163 65 420 75 895 590 596 259 352 76 195 644 621 146 501 745 467 779 841 426 107 73 615 69 674 487 458 324 492 75 966 587 451 502 219 509 73 945 735 762 317 383 241 959 865 
513 785 434 554 146 206 936 378 951 472 820 152 82 92 382 158 508 909 342 482 324 319 204 942 833 182 510 99 391 118 893 346 178 756 204 499 436 657 901 454 324 479 570 775 422 924 589 743 648 684 149 853 808 243 877 731 832 335 891 117 555 259 50 388 583 889 412 377 111 407 983 893 643 642 874 173 150 568 69 827 236 455 787 927 518 131 197 340 836 613 3 943 213 847 401 355 366 315 557 464 
629 139 353 169 968 668 73 428 759 428 938 61 963 706 964 316 345 156 846 133 951 19 717 798 10 436 736 994 410 304 27 436 186 386 510 200 479 832 810 435 405 603 735 378 249 153 629 776 462 258 301 106 423 583 858 380 94 478 762 486 679 874 539 769 572 24 428 964 325 268 345 955 475 130 354 111 226 536 593 456 417 264 102 606 575 780 112 47 220 794 730 923 353 463 816 940 557 232 861 369 
940 515 907 130 622 28 469 101 362 243 884 615 861 443 892 726 139 894 107 971 513 300 774 85 148 610 599 120 465 686 822 333 370 201 667 395 10 38 526 195 941 647 763 233 775 382 661 190 960 601 910 51 16 559 648 520 181 159 483 970 277 639 36 746 42 42 462 490 674 867 519 363 1000 734 945 611 547 598 396 730 600 601 365 755 790 183 301 47 310 17 977 868 261 455 905 493 376 802 838 588 
931 776 221 803 766 749 195 39 324 526 180 253 161 65 77 767 431 1 441 383 197 190 963 764 437 921 650 930 848 37 554 916 121 968 132 780 499 721 404 115 631 891 171 629 997 431 641 451 855 185 984 780 261 665 456 293 216 722 66 357 351 151 932 926 287 320 352 933 371 164 353 291 960 105 659 244 170 822 581 588 209 442 798 785 226 574 569 572 579 629 511 377 191 532 136 534 194 675 181 537 
82 563 717 953 922 42 201 310 516 2 126 165 273 409 623 76 512 209 733 316 834 614 340 292 150 888 306 849 334 126 991 115 884 323 276 395 970 965 818 241 669 367 335 147 709 273 399 351 100 310 821 817 392 331 981 800 119 887 791 562 510 989 530 320 750 550 499 605 843 940 512 47 306 466 773 1000 607 783 362 655 816 265 231 767 594 45 165 385 798 125 707 181 823 747 553 852 58 18 29 465 
530 875 144 774 984 93 235 90 540 542 491 408 466 118 710 771 899 467 849 589 735 158 945 631 580 116 370 59 614 545 606 965 83 759 973 528 841 549 966 644 911 395 544 861 309 601 351 816 73 206 126 918 14 918 749 747 202 189 231 520 997 617 891 460 282 44 685 545 315 838 281 67 101 393 971 379 213 326 469 786 29 597 878 745 232 729 92 29 349 698 878 848 723 420 16 354 634 53 603 335 
9 380 624 754 562 149 777 975 510 889 813 117 438 738 598 154 823 115 729 937 969 598 225 343 204 304 687 132 464 71 922 428 520 3 496 325 577 826 78 370 340 838 602 958 630 137 18 533 497 561 536 204 233 294 669 105 869 583 79 157 559 453 896 397 234 704 700 120 991 221 319 435 828 665 376 120 154 103 718 637 497 709 694 745 858 549 126 57 376 655 857 529 148 940 383 422 860 149 464 224 
416 18 414 381 913 550 772 831 509 375 902 472 619 404 742 124 775 728 280 965 235 291 819 948 27 823 893 995 507 767 697 879 223 596 552 683 846 17 657 280 596 934 742 512 931 747 781 858 670 498 383 415 625 110 496 283 16 907 396 711 970 467 187 308 441 199 752 362 513 679 772 422 627 680 649 874 726 764 302 606 920 456 799 964 30 238 69 313 438 195 689 143 981 179 808 744 546 936 900 502 
302 258 376 949 582 824 245 345 582 212 757 924 468 845 563 375 854 726 717 122 705 964 824 855 720 852 327 641 157 155 831 314 559 463 585 209 368 803 885 11 313 640 111 256 84 326 521 966 662 754 701 147 983 97 29 315 471 563 497 794 927 411 188 91 489 491 996 63 157 604 660 218 962 522 479 7 101 726 939 27 400 766 808 39 10 383 348 23 359 18 300 463 388 276 393 814 337 320 68 690 
147 207 367 419 205 72 106 276 10 122 759 371 546 622 67 298 303 905 993 350 522 239 108 589 343 980 672 884 474 459 502 150 308 258 594 425 638 764 667 843 168 790 335 714 935 334 416 440 217 284 79 597 614 276 403 943 405 884 502 932 200 313 893 432 861 790 482 2 57 244 671 112 315 317 264 700 755 281 814 398 221 404 356 56 494 759 440 25 185 43 575 681 967 644 861 955 977 26 601 984 
611 130 185 656 606 811 718 76 634 789 886 567 663 244 554 347 950 179 316 599 41 458 711 590 963 186 811 859 725 87 395 456 254 20 901 606 759 565 621 847 648 997 614 975 170 664 567 593 98 3 69 622 359 664 298 808 712 581 274 212 133 492 262 974 248 333 288 55 647 703 985 353 202 853 618 339 307 869 933 799 87 829 407 105 695 487 492 707 35 363 367 483 788 282 373 846 68 760 725 413 
781 692 142 86 346 474 933 406 806 79 817 897 255 652 340 20 214 523 129 674 134 726 109 99 671 512 844 107 430 451 728 910 523 544 784 193 214 846 227 540 814 809 815 291 600 995 467 12 976 817 45 675 639 396 280 456 58 720 702 850 194 737 102 213 837 473 83 791 945 494 744 665 664 360 195 537 213 48 85 924 121 540 923 344 9 416 437 831 768 886 497 247 197 878 883 727 489 880 954 540 
23 726 26 786 248 743 617 462 506 246 488 784 364 625 793 982 416 197 392 683 782 199 647 278 385 773 617 127 409 979 363 972 756 714 778 642 433 747 989 367 171 793 272 124 870 892 993 432 881 793 35 696 144 647 141 859 236 44 327 809 817 166 992 971 221 694 470 997 624 159 155 128 276 645 168 701 898 56 609 564 526 663 220 194 345 961 87 25 401 134 854 337 919 540 606 468 644 239 649 768 
953 592 662 213 634 950 900 86 181 345 611 44 501 242 743 422 590 257 793 645 4 191 140 396 941 834 313 292 15 815 56 77 487 577 660 361 119 951 265 67 611 660 708 605 313 24 383 143 834 804 351 467 281 451 460 36 511 668 741 63 201 123 686 858 607 687 983 290 857 294 586 681 176 621 776 547 534 604 48 329 467 542 269 231 925 862 307 952 619 733 838 113 926 792 535 619 988 149 21 130 
355 142 931 938 983 455 883 306 400 2 623 944 59 250 735 652 362 268 348 169 555 489 512 750 850 776 536 218 36 968 416 766 913 699 521 892 756 903 841 685 411 374 511 633 54 245 41 807 798 609 492 533 259 253 431 673 337 360 101 53 584 708 85 201 871 897 839 747 605 240 166 617 715 924 756 447 937 130 694 756 76 257 398 903 832 92 255 15 848 453 576 656 871 372 888 65 834 373 938 897 
260 855 453 826 269 688 635 71 520 782 116 215 120 552 22 251 502 299 603 772 313 593 424 533 587 892 725 960 732 185 389 724 406 535 108 132 764 518 584 251 639 684 653 100 790 530 257 958 169 542 233 43 674 610 470 58 569 417 952 491 35 250 541 776 958 421 357 603 572 810 357 617 745 793 719 894 314 259 82 763 532 240 595 538 270 522 608 610 741 319 853 541 754 924 365 831 897 668 454 642 
289 800 953 52 907 512 76 890 785 440 334 734 964 750 535 419 633 743 977 289 506 185 671 468 285 411 201 119 587 369 809 982 871 180 741 49 520 846 585 900 933 595 576 259 372 347 143 179 728 155 54 884 653 236 236 362 936 451 910 763 519 239 539 555 906 226 791 139 317 550 930 656 972 9 885 927 530 555 696 150 293 508 226 942 801 723 366 876 471 57 159 327 26 507 960 732 719 134 754 134 
494 277 987 681 9 310 143 77 672 332 678 223 454 37 994 563 435 514 411 542 567 7 768 56 64 33 660 927 592 980 755 854 375 607 696 516 936 151 253 185 98 535 661 548 205 625 641 295 239 903 917 580 171 98 894 633 892 460 635 670 139 481 29 663 899 127 685 157 429 422 792 920 637 554 33 447 984 734 475 639 16 835 433 553 478 967 325 214 195 656 481 54 251 487 381 678 703 401 413 384 
237 736 950 436 37 145 582 781 410 399 613 358 508 949 91 587 702 848 504 571 857 650 2 299 364 579 814 823 670 634 886 193 466 978 555 643 237 384 815 585 704 520 18 864 604 151 727 356 974 562 723 397 993 630 281 680 27 873 908 108 613 278 346 819 922 878 426 537 91 409 658 633 444 573 623 594 999 469 673 936 227 194 746 535 360 311 172 883 242 206 260 43 944 816 23 979 976 258 183 193 
608 931 825 847 131 89 535 159 879 988 845 149 263 290 490 965 2 850 541 414 231 716 609 911 418 125 967 53 304 936 207 254 307 352 410 768 258 730 902 139 873 159 855 501 512 464 599 420 698 290 586 558 92 160 496 660 760 432 831 149 102 70 277 23 430 588 15 688 476 715 753 762 928 851 251 109 560 398 19 695 653 499 309 463 295 919 788 887 174 910 499 559 54 510 901 853 158 988 693 370 
813 792 435 409 33 716 300 401 373 18 421 298 263 531 955 932 531 491 201 370 327 978 359 574 301 422 268 158 566 588 433 204 801 437 257 411 504 997 200 21 346 823 718 145 787 987 368 466 525 338 932 595 224 425 615 471 397 33 109 309 699 287 93 288 708 70 38 380 720 306 361 812 452 104 36 241 214 706 8 77 967 390 689 230 253 294 759 950 924 346 965 86 561 657 245 139 459 447 198 721 
6 600 996 596 645 907 427 405 491 90 375 169 814 133 130 646 65 646 563 462 381 935 359 198 755 151 167 145 416 644 886 781 254 307 613 671 531 163 430 225 135 871 961 194 543 538 709 935 689 324 991 589 308 339 304 640 102 813 974 637 321 401 754 484 43 710 161 873 48 107 985 282 910 358 553 723 581 976 214 837 65 301 334 989 653 953 435 608 958 742 670 308 329 650 68 546 802 950 898 656 
546 97 944 75 884 978 549 185 52 525 768 236 276 140 270 715 941 415 884 123 46 191 930 186 444 924 10 580 999 702 44 366 932 832 472 872 556 440 952 128 416 115 239 737 95 110 969 507 742 936 840 795 107 283 912 475 814 129 288 429 357 643 677 608 970 980 509 781 419 4 509 444 110 320 344 455 870 991 4 24 726 376 490 662 1 607 626 843 124 558 953 97 473 592 584 986 601 433 10 575 
532 961 721 120 24 167 806 891 188 474 251 80 472 267 655 160 35 22 509 221 144 79 1 389 270 682 369 800 51 34 11 441 476 579 433 954 652 868 29 15 718 147 122 621 568 685 42 107 934 917 446 350 680 985 821 67 210 20 35 366 974 757 765 839 431 311 495 84 460 2 714 625 640 536 725 68 418 849 63 245 142 47 983 354 671 542 832 969 463 451 356 175 372 53 643 990 633 1 240 898 
470 431 984 836 845 370 72 48 571 205 51 17 822 401 469 541 97 499 566 467 825 794 606 904 963 78 577 705 437 820 432 58 949 958 812 733 434 455 383 375 685 652 849 76 731 478 859 290 338 181 236 163 725 310 254 741 214 76 804 260 688 389 451 591 886 667 249 47 218 635 734 643 390 314 398 569 489 651 967 519 927 406 798 71 559 995 664 321 226 115 199 963 229 903 884 236 891 362 772 102 
635 889 448 201 297 868 693 388 75 108 212 934 570 131 502 723 51 564 752 634 289 279 623 3 313 463 129 902 570 439 912 142 607 478 891 149 906 404 202 129 782 484 518 756 753 673 354 577 124 693 842 826 177 29 95 343 24 168 212 88 501 158 761 924 170 85 889 466 853 39 138 140 925 471 232 580 718 410 182 791 631 579 994 38 980 663 36 363 317 231 979 424 282 123 60 227 105 491 672 894 
510 169 888 690 126 243 912 932 271 500 77 744 927 530 828 138 808 434 745 379 5 39 976 984 644 202 508 95 808 947 378 35 282 934 417 870 995 257 944 270 368 642 211 688 490 933 356 425 496 930 778 372 300 589 873 317 224 839 717 700 691 138 436 526 195 346 120 565 984 887 741 263 227 95 557 284 209 960 181 240 176 811 676 777 133 924 872 251 112 582 628 415 469 548 218 426 431 258 241 730 
754 257 955 459 717 993 926 71 11 649 541 300 45 2 642 654 205 537 10 998 297 635 269 971 515 892 800 13 665 120 745 993 237 530 486 869 75 418 379 125 682 9 766 526 153 345 1000 864 456 184 747 209 408 571 979 940 264 774 650 457 293 697 507 958 37 247 938 307 304 320 303 594 563 518 589 261 754 957 939 450 209 956 383 866 528 248 978 23 225 759 996 667 359 625 612 309 413 347 683 223 
39 190 102 531 433 988 279 19 91 507 159 368 37 713 826 115 669 767 454 823 394 907 193 719 772 53 207 211 602 763 317 470 207 984 853 195 329 519 150 278 320 429 695 735 520 588 351 56 963 756 180 840 438 541 423 504 630 943 872 731 887 586 428 395 193 401 975 246 559 777 911 104 581 424 631 49 797 33 436 15 622 748 464 486 10 849 664 508 83 165 252 746 25 861 811 564 354 167 985 577 
519 657 254 517 214 481 467 420 721 347 636 810 211 465 628 966 642 348 778 797 942 481 439 458 700 247 424 275 151 853 38 975 484 369 55 459 408 642 616 60 616 751 410 518 924 864 311 587 882 178 863 720 939 921 971 273 979 661 357 133 498 167 18 316 18 861 173 204 341 9 426 3 581 528 771 935 55 790 210 993 493 630 132 73 278 327 54 522 580 731 607 694 569 785 714 756 655 970 382 373 
187 256 219 287 645 827 692 473 999 717 139 717 543 141 61 659 235 305 812 378 352 340 179 585 47 887 537 932 133 595 21 570 829 205 458 643 516 179 167 703 40 19 526 298 430 106 646 619 759 217 632 308 822 932 19 820 720 645 92 31 264 21 837 207 31 907 840 300 941 213 561 559 846 890 734 188 676 402 403 814 356 525 494 436 704 496 124 985 161 655 766 409 62 388 667 183 917 133 899 228 
445 196 846 899 742 152 615 759 261 80 656 69 984 416 739 94 602 68 714 757 460 193 987 375 249 531 132 472 68 329 351 865 247 885 66 551 466 895 46 560 135 289 977 671 982 645 2 559 858 915 560 515 463 191 800 740 758 863 930 132 758 962 583 983 505 923 216 73 936 765 174 562 252 144 321 190 362 450 815 346 626 594 996 465 220 93 400 852 536 915 210 120 281 635 903 256 860 363 422 627 
83 380 875 305 856 178 798 136 624 834 263 803 887 164 1 505 665 543 104 379 284 387 720 823 296 122 331 410 543 256 399 531 47 858 106 850 177 611 242 479 37 169 246 318 908 853 210 128 673 545 403 814 37 749 384 150 263 634 576 816 124 327 566 210 392 250 110 456 9 622 539 815 555 522 558 768 822 827 413 250 697 344 326 264 497 42 238 642 778 663 890 319 8 236 169 407 378 895 748 239 
588 207 875 478 392 355 230 284 361 935 852 659 83 998 123 485 498 897 157 781 765 229 828 273 230 90 82 453 666 695 639 739 128 91 799 854 871 479 727 743 816 632 668 622 557 512 913 738 228 91 59 979 869 231 650 996 860 917 406 71 202 885 115 465 46 166 971 604 396 906 847 259 992 679 426 888 793 10 753 937 125 679 243 170 628 971 441 188 243 554 337 146 824 493 469 164 981 691 307 916 
947 792 753 126 85 507 736 717 917 577 458 336 438 663 504 12 336 604 940 707 394 437 159 194 759 187 953 960 911 207 523 586 41 973 346 107 666 414 491 137 516 383 765 91 966 823 207 710 972 286 615 439 203 865 124 139 715 562 649 217 345 77 311 617 568 413 205 991 836 476 895 287 450 73 432 4 687 508 845 852 580 549 335 395 219 115 28 512 816 472 283 972 47 745 731 110 750 964 383 740 
478 194 343 693 180 252 686 625 550 217 372 337 132 197 392 499 901 374 323 366 363 736 731 684 284 993 418 149 318 22 827 848 38 651 161 269 364 226 356 702 943 155 849 907 961 66 68 596 958 935 405 369 550 302 452 726 29 646 770 146 756 863 189 47 397 956 480 852 504 41 197 749 605 278 928 940 437 25 505 801 698 985 69 149 311 438 162 316 453 663 645 185 180 395 266 219 930 897 327 925 
147 227 766 332 989 845 461 505 686 596 219 134 108 233 921 173 873 316 906 660 842 421 881 709 922 998 230 618 55 285 508 166 25 734 378 990 466 932 955 494 967 936 453 368 65 778 595 991 160 36 759 473 205 151 840 971 50 797 195 927 857 349 153 369 222 92 205 991 465 801 984 134 20 265 651 41 509 649 864 597 896 338 894 416 205 47 663 711 649 298 7 95 268 388 787 715 326 947 628 84 
918 757 423 55 801 819 706 527 395 289 572 404 86 698 442 620 716 985 906 469 922 762 46 548 11 902 638 416 333 62 314 664 285 990 67 779 402 331 621 134 376 935 916 207 436 633 127 953 631 282 637 904 577 177 378 532 3 97 462 883 112 672 795 943 481 840 378 607 660 363 657 608 552 15 666 236 384 809 826 195 969 285 404 862 514 20 826 531 383 558 743 985 618 39 644 941 903 38 822 390 
777 304 240 867 598 140 275 957 189 535 62 7 447 719 123 145 257 269 295 811 372 908 277 343 855 694 921 71 426 741 476 638 567 454 9 826 263 994 866 615 335 703 80 583 653 268 893 925 930 561 215 762 390 732 76 486 755 56 333 248 319 936 688 809 481 754 262 218 999 238 277 526 818 293 739 978 919 39 568 624 34 893 294 531 129 565 544 117 282 635 780 300 186 828 886 108 75 326 547 158 
553 68 519 805 866 614 395 401 320 845 710 364 468 867 911 922 648 481 140 631 328 946 34 792 414 301 914 243 154 424 716 882 754 439 347 42 659 820 69 378 444 305 253 255 244 793 358 596 128 572 614 687 666 609 916 847 896 469 752 201 400 834 406 402 846 764 663 975 186 932 668 752 865 951 543 947 502 265 304 172 772 635 552 50 451 980 366 205 124 203 708 827 451 450 229 923 776 694 789 249 
