172 660 3 520 151 571 129 747 468 939 930 14 793 6 217 369 79 697 341 726 776 382 302 690 682 250 485 928 37 289 664 768 820 469 70 36 515 718 541 466 278 467 621 886 506 862 200 823 35 254 
17 746 688 822 287 316 566 155 460 568 920 274 998 928 272 32 993 401 557 963 358 719 632 70 509 903 852 666 626 324 563 735 7 592 367 882 742 572 340 408 769 116 743 129 400 337 514 680 262 218 
583 806 73 597 198 919 76 638 349 804 939 818 243 655 354 910 490 30 225 240 335 678 792 695 150 144 67 535 790 617 147 116 983 820 817 688 244 66 79 191 680 946 517 215 129 699 301 542 884 430 
372 299 243 48 229 846 810 645 811 940 938 857 18 539 71 855 979 748 517 172 971 854 578 694 278 422 279 135 629 340 304 213 626 450 590 555 707 990 558 482 539 190 384 641 848 787 133 653 506 229 
829 473 26 590 213 662 722 996 42 517 534 894 76 401 583 919 650 859 584 432 150 805 855 552 228 168 66 295 52 416 90 360 762 684 97 157 478 220 12 516 29 900 261 814 292 885 407 456 515 187 
870 467 222 825 139 591 395 327 282 868 193 902 520 912 902 962 236 741 74 150 744 850 21 550 572 425 354 541 103 89 199 359 243 82 802 449 340 613 161 693 973 446 646 937 79 466 613 447 886 371 
76 543 395 90 102 192 903 955 267 221 563 348 232 252 937 152 550 859 6 720 402 395 327 65 304 175 412 937 229 45 357 602 256 490 752 321 539 573 20 592 252 225 582 447 363 878 77 322 383 58 
268 172 273 24 915 577 428 386 618 24 992 915 932 848 866 677 547 410 713 609 334 340 584 486 724 269 283 608 75 716 471 425 66 691 555 878 255 41 501 456 686 390 202 291 190 295 486 459 553 577 
452 449 153 90 355 102 786 723 917 15 927 505 148 374 381 643 835 833 710 526 935 748 339 340 817 737 25 636 393 552 230 506 935 409 648 383 385 126 587 739 980 446 581 383 721 116 760 71 951 974 
283 804 246 281 629 304 471 914 823 202 917 391 357 362 711 588 921 847 126 642 715 507 862 90 497 168 786 591 39 20 264 537 644 175 246 765 352 869 272 930 741 279 48 974 178 108 816 303 558 621 
478 22 7 478 13 550 927 97 620 803 711 492 261 749 147 354 244 715 282 736 946 172 32 397 133 848 329 732 173 549 404 463 6 199 218 129 13 375 738 653 249 851 299 157 624 502 685 787 19 262 
852 459 334 948 234 49 472 753 591 71 635 579 120 775 657 167 897 735 908 688 312 546 127 949 920 42 222 865 238 428 102 996 796 348 555 663 56 975 661 653 184 944 246 565 4 26 826 27 631 492 
99 478 923 650 961 612 553 568 394 778 898 434 835 360 397 94 563 985 710 35 936 600 998 75 17 725 557 852 39 31 553 580 225 396 17 914 499 188 794 218 33 292 949 728 21 806 172 318 667 661 
823 192 398 734 208 549 465 730 302 728 324 928 626 532 232 695 444 934 585 321 784 68 911 828 67 404 473 82 988 847 159 512 513 140 458 371 975 880 954 78 405 35 683 664 374 879 493 843 945 378 
815 639 391 378 24 85 280 552 985 920 554 797 482 589 791 681 999 43 673 218 911 293 845 449 433 389 562 585 772 867 116 433 705 194 89 505 607 84 991 209 371 988 289 148 225 457 132 403 819 738 
778 495 93 564 978 318 635 49 905 406 168 787 449 568 460 959 100 876 280 100 766 378 513 410 381 529 815 823 158 464 833 572 748 17 424 375 823 662 980 50 623 259 326 960 508 499 419 480 404 583 
921 210 287 113 425 254 59 975 354 164 695 66 454 69 942 70 587 289 922 860 776 562 897 531 857 622 937 766 881 298 828 391 844 657 208 80 438 124 214 954 75 291 716 590 492 282 321 585 83 134 
325 726 91 375 995 683 494 696 659 444 485 113 552 654 478 830 747 964 285 480 666 534 657 209 265 120 233 461 35 783 851 636 157 797 697 211 63 565 697 451 40 483 136 769 501 122 50 484 717 689 
128 6 60 592 926 209 298 676 624 811 848 50 248 852 550 672 767 588 652 551 990 306 643 341 855 991 742 127 709 504 482 955 316 706 288 979 935 720 51 198 285 552 787 200 294 436 964 74 15 677 
19 620 752 657 527 311 583 229 16 767 955 94 326 133 790 808 728 267 975 746 208 769 860 825 648 740 625 736 827 86 63 521 290 201 500 742 457 676 538 264 790 432 559 505 293 461 25 933 595 621 
827 778 877 298 257 384 11 451 604 603 799 833 778 910 212 784 565 218 109 554 494 269 980 773 502 309 267 69 169 827 922 780 23 284 30 309 584 194 170 456 716 178 412 543 244 79 830 831 744 148 
8 331 654 678 551 203 988 447 44 201 602 311 131 468 455 557 326 205 902 924 862 7 892 9 150 20 953 56 283 506 33 981 532 492 686 472 482 493 476 115 996 847 968 197 770 489 166 25 643 520 
685 576 221 412 121 626 328 779 438 556 112 699 459 300 230 465 530 800 209 415 499 244 910 89 112 602 825 264 504 147 631 280 923 268 634 676 511 108 528 241 661 281 984 536 891 563 385 485 895 288 
601 21 492 711 240 876 484 104 799 276 331 904 799 250 683 362 706 338 818 313 232 362 908 578 39 868 869 254 243 262 527 830 534 851 765 375 764 212 866 780 597 497 585 979 344 105 386 232 840 266 
429 533 205 602 782 171 546 548 301 98 191 118 584 756 763 710 72 128 15 357 149 547 585 540 503 185 724 75 826 136 976 1 868 821 540 165 591 296 989 634 366 611 952 290 365 896 100 554 681 200 
469 914 841 319 583 968 544 469 344 810 32 24 191 753 109 597 679 686 715 677 186 548 860 668 684 477 850 205 125 945 509 872 794 169 282 78 962 41 673 92 160 779 985 450 801 369 642 472 467 674 
190 854 183 694 637 281 725 829 659 150 963 921 224 111 626 956 525 970 622 323 998 809 743 890 168 772 792 66 120 354 228 917 925 983 648 322 779 519 16 68 701 505 890 829 126 655 585 135 572 745 
431 723 706 281 91 579 873 753 187 313 346 64 517 291 890 4 632 686 226 986 762 703 890 889 357 985 162 20 339 712 453 277 714 396 122 895 71 593 504 261 651 427 189 342 852 71 355 745 771 669 
248 261 869 970 784 537 736 81 905 859 388 737 539 596 851 674 2 56 670 369 817 43 174 652 309 255 460 759 923 450 917 4 543 141 358 376 354 63 296 930 607 335 599 512 586 481 277 970 653 999 
886 623 921 337 751 614 933 408 416 701 910 76 676 725 547 725 881 575 844 382 544 551 327 157 690 439 894 559 484 239 888 905 409 183 154 626 835 615 154 252 694 990 456 937 665 806 834 530 393 721 
658 986 44 949 494 977 471 10 427 796 477 589 559 706 604 813 434 882 333 586 440 976 1000 933 750 550 746 378 598 279 236 923 32 199 305 935 127 390 156 743 294 363 43 984 221 837 988 260 476 181 
538 179 850 479 236 672 338 175 562 542 835 777 421 881 499 312 546 880 847 416 243 704 409 608 258 797 271 870 587 481 780 574 141 103 469 54 924 17 74 73 694 653 478 459 919 614 373 947 780 871 
250 764 945 586 650 294 567 751 136 555 214 680 198 451 178 601 653 152 725 269 865 350 241 547 107 26 680 567 980 515 770 597 659 686 250 777 948 811 502 826 366 29 24 989 558 447 878 589 621 618 
923 183 523 411 959 708 214 457 770 264 11 796 768 136 600 561 170 513 875 242 809 794 531 562 63 907 633 846 916 511 442 951 234 693 236 165 477 797 858 349 658 397 270 858 611 819 106 482 93 789 
707 591 38 660 379 182 318 31 346 532 985 924 895 796 997 185 264 830 359 697 116 690 621 650 849 257 55 802 944 452 798 706 609 686 769 899 395 108 761 597 84 133 528 151 82 237 42 944 260 691 
655 868 568 954 341 10 337 877 710 266 12 644 635 756 15 235 765 844 367 377 435 905 957 422 565 428 501 189 468 982 274 857 660 346 41 348 879 226 568 234 742 366 11 381 527 175 843 210 606 809 
307 632 289 967 392 33 317 824 636 544 270 551 632 426 383 624 876 658 182 990 892 589 235 706 648 548 157 550 712 679 945 424 434 262 56 682 90 611 987 534 828 763 534 638 601 92 942 825 260 497 
376 914 144 168 784 83 808 412 267 719 178 262 409 460 401 14 762 831 205 680 756 306 905 514 590 384 761 666 428 650 30 324 888 698 488 144 521 284 855 298 363 564 93 555 555 642 283 957 516 2 
759 772 339 240 87 352 323 945 525 687 166 261 542 151 593 681 40 17 491 865 192 433 490 994 510 954 578 532 981 903 994 39 403 987 404 181 705 674 625 573 575 793 271 760 8 864 561 476 693 512 
329 982 128 998 468 932 175 559 538 585 459 79 720 17 765 570 500 316 564 483 165 144 237 90 596 486 847 792 922 855 201 231 128 144 827 533 189 136 870 887 416 266 913 897 346 389 729 451 430 369 
987 840 432 197 817 776 864 260 728 445 362 901 770 11 363 185 916 473 33 672 574 732 495 108 74 322 964 415 307 219 423 521 563 884 161 721 529 406 247 212 286 435 715 532 714 848 654 296 56 470 
44 465 587 827 987 428 923 998 881 651 559 815 114 47 704 724 835 672 792 576 542 332 758 21 722 166 863 115 646 318 827 305 522 79 481 184 113 669 927 72 671 485 218 73 436 743 14 307 402 606 
58 849 80 824 940 152 483 768 389 702 198 273 152 230 966 637 300 64 941 364 651 556 737 784 246 167 727 533 232 158 81 918 668 927 778 418 299 712 234 854 966 807 219 580 396 496 662 745 832 909 
218 772 707 919 42 665 809 947 642 990 819 448 838 789 688 637 31 560 584 672 659 107 183 936 863 259 419 76 36 357 946 148 132 785 130 901 287 300 766 75 678 149 522 878 595 679 860 815 859 781 
359 804 690 149 221 911 745 299 528 213 774 78 701 498 840 215 637 929 260 789 985 993 49 998 938 244 190 48 99 729 27 894 499 185 674 894 963 438 435 775 744 167 814 519 301 537 681 938 120 872 
158 960 239 155 103 981 55 221 457 52 753 79 114 709 321 18 145 139 661 979 273 659 438 32 769 790 990 607 331 423 150 741 375 48 802 795 147 103 28 373 537 38 898 77 85 536 613 956 897 87 
455 536 711 859 344 497 915 341 84 454 715 929 652 269 211 546 344 439 241 399 54 137 146 443 258 527 527 611 243 627 432 736 853 739 371 820 807 809 840 945 3 556 316 221 710 11 920 874 812 66 
854 730 529 677 48 599 350 841 612 880 78 714 240 696 123 551 926 593 490 386 444 678 680 299 251 62 247 100 329 91 426 7 909 810 25 364 327 462 64 551 969 93 890 598 102 972 294 511 118 766 
363 448 635 679 614 377 683 280 956 635 386 971 854 916 979 973 889 834 506 915 366 629 626 349 53 138 510 712 656 665 422 864 319 776 688 34 120 800 464 391 929 317 926 588 732 292 939 646 141 909 
527 812 19 767 809 69 625 482 412 392 287 776 363 10 858 949 881 665 60 774 951 71 57 774 307 667 56 82 937 322 235 902 161 995 707 833 228 903 994 260 252 15 366 8 80 416 847 724 728 649 
