888 114 334 377 689 920 776 465 715 33 714 92 763 619 833 635 93 286 86 919 522 790 562 557 736 43 492 457 358 476 164 22 450 698 267 363 537 641 209 114 755 97 947 618 536 27 559 4 987 158 
125 530 553 850 852 795 326 396 525 708 13 703 576 849 281 620 26 224 212 584 760 62 939 828 770 395 861 474 703 25 831 643 392 122 973 13 172 375 382 522 520 581 965 788 952 681 119 660 711 764 
246 425 143 226 297 566 685 685 485 829 996 614 237 311 820 43 561 597 703 596 46 497 904 936 898 117 488 549 426 389 814 828 90 41 450 434 784 602 991 434 165 470 995 896 249 135 596 474 466 349 
400 223 216 484 193 41 657 656 755 758 308 933 347 970 596 739 254 249 3 910 932 576 224 643 535 619 694 583 203 473 915 778 932 131 914 344 159 668 845 360 102 339 394 134 907 451 17 507 527 787 
191 84 648 561 194 576 709 650 954 202 736 781 64 775 511 565 630 73 366 229 434 162 876 878 792 605 496 187 556 693 905 518 697 273 167 907 360 247 209 154 464 462 860 434 606 808 980 641 513 491 
490 536 525 273 890 955 867 997 176 894 441 406 935 739 315 897 317 33 381 926 247 198 155 797 244 780 512 393 448 386 431 170 48 121 170 873 948 567 172 212 638 377 141 513 614 528 418 887 975 758 
414 112 322 987 521 731 285 256 186 559 823 916 852 313 554 476 475 246 670 493 674 660 142 358 563 434 665 657 642 257 120 504 478 842 87 876 316 502 569 24 401 53 188 148 676 174 870 446 295 821 
491 306 584 170 380 218 640 758 646 145 423 169 804 978 505 991 1 126 297 345 198 617 753 487 548 646 939 363 143 705 191 896 440 322 554 410 221 162 303 184 494 269 332 412 407 791 284 107 677 916 
780 103 879 384 845 577 595 301 525 108 529 226 881 926 200 784 251 840 747 640 324 700 616 16 263 373 453 397 306 482 775 859 993 741 64 807 825 320 900 557 101 759 977 477 305 296 248 569 809 127 
700 26 124 734 350 591 171 346 530 599 880 457 882 534 252 823 805 412 577 911 188 411 657 878 377 127 689 444 980 248 374 612 915 610 738 427 493 958 907 701 659 609 313 850 595 650 929 248 227 297 
802 954 975 67 851 126 911 426 264 285 559 913 351 771 52 22 531 454 168 656 21 211 763 399 769 388 46 986 540 717 972 612 456 766 936 144 897 899 93 580 887 623 702 994 745 672 379 80 586 43 
732 785 587 888 645 413 621 64 998 779 681 635 662 711 965 614 644 711 29 105 257 255 276 175 293 308 134 246 436 734 308 415 381 966 10 207 423 631 696 820 25 17 971 443 564 384 328 350 790 923 
860 531 510 896 979 271 823 357 163 851 220 418 660 596 510 227 206 782 349 473 615 83 192 527 312 220 642 281 866 330 20 969 434 759 409 252 519 478 73 777 604 825 541 978 246 720 4 403 459 79 
441 519 965 321 18 793 498 473 324 768 465 487 304 84 403 127 996 517 828 589 559 156 581 508 741 120 679 807 571 634 605 759 32 125 326 890 41 748 982 13 551 752 41 576 462 465 259 376 500 993 
550 194 332 424 425 314 151 82 914 747 655 149 888 817 247 687 375 59 369 644 48 685 61 860 205 521 99 11 686 397 806 59 227 616 733 612 46 973 855 363 507 762 691 664 848 827 393 265 595 383 
440 12 652 53 724 138 985 807 867 615 728 531 285 902 404 363 846 762 110 419 682 543 503 240 347 718 176 743 810 151 367 443 40 297 454 112 119 437 497 205 202 113 204 287 645 976 743 479 722 326 
615 486 306 1 522 935 53 868 958 162 54 741 254 337 13 814 922 204 498 273 746 439 739 356 464 883 490 964 823 825 902 77 803 138 349 127 422 781 803 165 932 736 761 463 133 247 820 200 924 947 
241 490 192 537 387 188 678 107 248 549 409 724 534 323 824 221 821 780 298 941 777 550 32 445 383 602 814 585 73 834 208 82 224 35 910 752 61 726 11 349 516 217 120 949 365 699 792 137 696 244 
967 67 13 882 940 28 901 176 696 137 632 345 850 572 36 82 296 127 390 470 556 939 361 259 800 142 224 489 128 707 513 675 395 676 937 126 149 514 222 70 772 285 84 384 701 431 383 370 771 746 
898 903 915 674 802 591 646 565 723 890 820 783 588 389 497 851 73 581 703 667 797 864 681 912 970 652 398 693 663 303 434 94 973 573 77 294 493 592 790 406 97 562 496 321 262 166 630 420 851 212 
662 531 576 619 176 38 150 432 778 115 183 101 257 925 738 70 118 843 221 812 178 171 919 180 719 988 801 874 173 683 576 726 606 485 523 9 623 204 619 617 203 133 659 704 693 70 765 67 954 988 
135 118 264 890 56 981 319 286 531 757 387 685 519 456 339 807 824 416 105 629 6 467 782 23 199 956 761 570 156 978 572 462 509 290 804 94 986 840 955 313 951 155 363 93 914 230 97 35 20 954 
731 901 330 281 71 196 968 21 498 223 401 783 610 629 869 948 593 427 223 698 942 233 985 832 657 439 910 99 659 846 468 629 304 665 629 271 906 881 40 23 643 751 153 885 463 357 129 976 131 814 
939 334 22 444 853 440 906 152 551 763 911 83 667 907 797 371 656 994 259 642 181 438 985 377 591 969 334 721 631 930 519 954 459 617 397 84 719 183 529 595 104 739 247 944 981 234 949 145 50 38 
446 691 866 599 591 374 288 991 932 71 586 830 168 251 939 622 816 70 36 729 531 716 854 335 489 375 574 964 540 303 509 510 247 871 339 244 49 916 728 537 694 569 135 808 915 141 871 466 643 486 
758 859 107 943 460 962 991 813 34 663 455 223 198 79 617 660 284 354 596 422 26 254 894 692 464 620 539 317 770 544 618 480 867 415 814 985 80 313 318 950 214 805 49 159 816 980 538 20 458 157 
899 728 435 872 513 907 354 126 684 758 449 117 185 759 870 106 766 877 939 575 594 541 108 380 902 58 185 817 580 868 935 826 434 471 919 955 523 772 970 635 187 85 415 485 580 73 187 384 362 455 
788 289 527 80 602 783 3 197 202 572 20 671 153 163 870 286 753 956 168 337 539 509 451 292 97 691 247 568 126 694 899 500 741 522 577 505 603 889 540 883 618 566 23 27 266 53 227 465 662 631 
892 383 929 233 585 49 363 339 478 969 668 94 487 358 355 575 812 61 395 88 828 392 875 886 775 834 176 717 564 709 754 767 387 74 352 203 288 375 104 938 156 39 839 494 162 412 801 243 595 855 
622 359 327 848 418 102 825 857 999 133 37 348 456 272 48 917 668 976 444 179 765 652 487 752 677 960 735 143 509 131 36 677 601 370 145 632 74 98 777 420 89 107 778 76 957 871 257 614 874 426 
818 231 638 524 937 910 409 809 874 109 608 706 25 737 206 45 503 618 600 559 707 838 259 497 552 665 589 272 360 855 540 886 805 57 455 759 703 310 351 494 968 977 665 405 448 224 147 76 461 117 
192 904 418 397 506 669 179 965 419 886 370 605 568 729 234 741 99 992 334 819 731 489 92 591 226 296 755 822 995 386 70 874 621 186 68 59 41 881 677 70 620 206 884 443 817 277 628 757 742 452 
392 291 985 872 74 867 288 974 399 982 122 597 382 79 988 137 387 853 596 843 349 231 675 11 600 983 995 576 167 191 734 110 818 280 518 542 647 826 526 19 240 294 636 904 530 543 337 416 573 678 
807 429 516 461 142 658 123 995 202 76 352 750 501 835 384 823 988 302 879 583 161 852 738 176 517 383 181 62 239 883 124 508 206 453 336 130 303 310 305 724 11 183 178 575 927 774 437 500 825 310 
340 943 741 573 121 505 218 526 139 128 115 791 998 65 661 246 901 900 730 12 574 742 440 123 610 956 786 388 151 259 96 657 668 596 813 73 761 324 941 609 489 58 537 928 357 10 833 235 886 111 
36 423 454 157 63 918 859 979 176 120 409 175 309 210 747 868 982 20 806 135 556 365 826 63 84 865 46 435 892 210 255 277 641 620 716 604 59 82 17 591 205 71 382 845 93 479 988 178 612 468 
611 916 482 468 739 260 945 103 901 679 332 54 396 276 861 263 190 536 752 669 793 541 551 548 676 433 522 843 939 291 802 34 966 376 451 107 319 859 956 245 782 404 964 819 131 463 531 659 974 165 
802 506 358 632 552 324 877 407 906 626 285 578 69 364 873 991 355 366 274 186 32 440 261 220 896 788 741 594 248 604 186 831 61 12 485 364 20 123 142 155 695 903 173 531 889 102 186 621 855 265 
185 693 450 371 861 804 237 767 768 682 31 119 940 729 198 569 201 133 457 460 596 952 559 560 584 882 761 548 443 45 889 985 80 798 462 107 956 991 701 895 47 186 421 368 385 120 39 812 143 408 
569 363 945 795 157 656 81 619 618 536 41 708 543 208 489 27 759 147 84 115 430 264 343 606 886 954 453 657 518 721 610 576 496 262 378 8 333 467 900 667 864 185 888 622 996 355 954 503 34 736 
299 842 411 654 635 707 422 921 773 613 502 860 134 473 43 118 211 827 996 485 126 702 758 265 572 255 812 174 7 318 275 21 859 513 168 549 647 196 760 427 650 3 115 184 584 416 614 17 927 167 
596 610 442 94 81 852 609 506 683 38 67 797 509 775 193 316 593 905 680 165 953 945 403 813 649 355 595 967 157 235 916 89 3 190 733 937 197 607 427 965 677 77 2 223 693 258 338 959 618 270 
330 266 548 81 275 89 965 80 243 84 811 999 301 189 732 493 258 730 821 397 558 490 591 81 713 336 230 105 88 253 399 528 975 128 214 447 590 65 833 963 413 67 157 906 709 999 403 603 917 725 
230 891 973 782 43 748 971 69 509 544 240 475 213 179 637 210 659 86 199 89 771 512 445 886 334 207 306 483 612 524 499 767 595 733 630 628 143 76 988 512 958 452 302 469 511 651 712 308 814 971 
108 247 702 819 605 899 300 867 294 132 731 117 423 138 762 166 211 786 782 267 593 535 653 625 109 879 168 93 779 682 500 914 207 5 334 456 843 765 248 81 982 623 589 352 950 317 612 171 970 594 
556 479 78 702 77 538 451 589 934 955 826 705 649 677 613 88 847 523 475 993 345 566 782 608 36 178 995 617 712 879 413 113 22 330 654 415 155 491 891 418 973 354 306 204 232 507 339 964 942 24 
632 618 153 718 66 11 86 871 466 212 112 206 369 403 110 602 45 608 954 370 304 843 183 54 254 608 526 670 563 93 365 804 222 932 317 836 550 91 174 940 392 577 449 118 506 379 698 50 463 356 
903 544 783 620 26 916 891 615 135 898 258 14 746 585 778 403 816 460 942 621 584 219 680 68 431 808 452 646 628 757 945 336 622 803 677 80 544 982 339 615 166 12 860 972 88 444 223 164 656 587 
766 757 648 169 319 577 613 763 483 73 426 553 255 151 491 607 52 573 415 441 125 203 184 384 364 307 387 385 938 465 774 589 746 671 571 307 208 613 808 136 67 285 983 369 851 965 961 776 409 93 
82 338 379 520 57 825 712 751 263 477 518 705 209 661 773 119 323 891 727 163 131 310 71 857 823 257 188 654 549 208 112 893 29 99 641 97 892 427 931 716 248 962 815 877 899 31 29 416 406 102 
